310
mesh_ui_default_menu_window 0 ui_default_menu_window 0.000000 0.000000 0.000000 0.000000 0.000000 0.000000 1.000000 1.000000 1.000000
mesh_pic_mb_warrior_1 0 pic_mb_warrior_1 0.000000 0.000000 0.000000 0.000000 0.000000 0.000000 1.000000 1.000000 1.000000
mesh_relief01 0 relief01 0.000000 0.000000 0.000000 0.000000 0.000000 0.000000 1.000000 1.000000 1.000000
mesh_draw_tribal_orcs 0 draw_tribal_orcs 0.000000 0.000000 0.000000 0.000000 0.000000 0.000000 1.000000 1.000000 1.000000
mesh_draw_orc_raiders 0 draw_orc_raiders 0.000000 0.000000 0.000000 0.000000 0.000000 0.000000 1.000000 1.000000 1.000000
mesh_draw_wild_troll 0 draw_wild_troll 0.000000 0.000000 0.000000 0.000000 0.000000 0.000000 1.000000 1.000000 1.000000
mesh_draw_fangorn 0 draw_fangorn 0.000000 0.000000 0.000000 0.000000 0.000000 0.000000 1.000000 1.000000 1.000000
mesh_draw_fangorn_orc 0 draw_fangorn_orc 0.000000 0.000000 0.000000 0.000000 0.000000 0.000000 1.000000 1.000000 1.000000
mesh_draw_ent_attack 0 draw_ent_attack 0.000000 0.000000 0.000000 0.000000 0.000000 0.000000 1.000000 1.000000 1.000000
mesh_draw_ent_attack_orc 0 draw_ent_attack_orc 0.000000 0.000000 0.000000 0.000000 0.000000 0.000000 1.000000 1.000000 1.000000
mesh_draw_entdrink_human 0 draw_entdrink_human 0.000000 0.000000 0.000000 0.000000 0.000000 0.000000 1.000000 1.000000 1.000000
mesh_draw_victory_orc 0 draw_victory_orc 0.000000 0.000000 0.000000 0.000000 0.000000 0.000000 1.000000 1.000000 1.000000
mesh_draw_victory_uruk 0 draw_victory_uruk 0.000000 0.000000 0.000000 0.000000 0.000000 0.000000 1.000000 1.000000 1.000000
mesh_draw_victory_dwarf 0 draw_victory_dwarf 0.000000 0.000000 0.000000 0.000000 0.000000 0.000000 1.000000 1.000000 1.000000
mesh_draw_defeat_human 0 draw_defeat_human 0.000000 0.000000 0.000000 0.000000 0.000000 0.000000 1.000000 1.000000 1.000000
mesh_draw_defeat_orc 0 draw_defeat_orc 0.000000 0.000000 0.000000 0.000000 0.000000 0.000000 1.000000 1.000000 1.000000
mesh_draw_victory_gondor 0 draw_victory_gondor 0.000000 0.000000 0.000000 0.000000 0.000000 0.000000 1.000000 1.000000 1.000000
mesh_draw_victory_rohan 0 draw_victory_rohan 0.000000 0.000000 0.000000 0.000000 0.000000 0.000000 1.000000 1.000000 1.000000
mesh_draw_victory_orc_orc 0 draw_victory_orc_orc 0.000000 0.000000 0.000000 0.000000 0.000000 0.000000 1.000000 1.000000 1.000000
mesh_draw_lorien_arrows 0 draw_lorien_arrows 0.000000 0.000000 0.000000 0.000000 0.000000 0.000000 1.000000 1.000000 1.000000
mesh_town_west_emnet 0 town_west_emnet 0.000000 0.000000 0.000000 0.000000 0.000000 0.000000 1.000000 1.000000 1.000000
mesh_town_dol_guldur 0 town_dol_guldur 0.000000 0.000000 0.000000 0.000000 0.000000 0.000000 1.000000 1.000000 1.000000
mesh_town_isengard 0 town_isengard 0.000000 0.000000 0.000000 0.000000 0.000000 0.000000 1.000000 1.000000 1.000000
mesh_town_minas_tirith 0 town_minas_tirith 0.000000 0.000000 0.000000 0.000000 0.000000 0.000000 1.000000 1.000000 1.000000
mesh_town_morannon 0 town_morannon 0.000000 0.000000 0.000000 0.000000 0.000000 0.000000 1.000000 1.000000 1.000000
mesh_town_edoras 0 town_edoras 0.000000 0.000000 0.000000 0.000000 0.000000 0.000000 1.000000 1.000000 1.000000
mesh_town_pelargir 0 town_pelargir 0.000000 0.000000 0.000000 0.000000 0.000000 0.000000 1.000000 1.000000 1.000000
mesh_town_dol_amroth 0 town_dol_amroth 0.000000 0.000000 0.000000 0.000000 0.000000 0.000000 1.000000 1.000000 1.000000
mesh_town_minas_morgul 0 town_minas_morgul 0.000000 0.000000 0.000000 0.000000 0.000000 0.000000 1.000000 1.000000 1.000000
mesh_town_osgilliath 0 town_osgilliath 0.000000 0.000000 0.000000 0.000000 0.000000 0.000000 1.000000 1.000000 1.000000
mesh_town_thranduils 0 town_thranduils 0.000000 0.000000 0.000000 0.000000 0.000000 0.000000 1.000000 1.000000 1.000000
mesh_town_rivendell_camp 0 town_rivendell_camp 0.000000 0.000000 0.000000 0.000000 0.000000 0.000000 1.000000 1.000000 1.000000
mesh_town_moria 0 town_moria 0.000000 0.000000 0.000000 0.000000 0.000000 0.000000 1.000000 1.000000 1.000000
mesh_town_hornburg 0 town_hornburg 0.000000 0.000000 0.000000 0.000000 0.000000 0.000000 1.000000 1.000000 1.000000
mesh_town_esgaroth 0 town_esgaroth 0.000000 0.000000 0.000000 0.000000 0.000000 0.000000 1.000000 1.000000 1.000000
mesh_town_caras_galadhon 0 town_caras_galadhon 0.000000 0.000000 0.000000 0.000000 0.000000 0.000000 1.000000 1.000000 1.000000
mesh_town_beorns_house 0 town_beorns_house 0.000000 0.000000 0.000000 0.000000 0.000000 0.000000 1.000000 1.000000 1.000000
mesh_town_edhellond 0 town_edhellond 0.000000 0.000000 0.000000 0.000000 0.000000 0.000000 1.000000 1.000000 1.000000
mesh_town_erebor 0 town_erebor 0.000000 0.000000 0.000000 0.000000 0.000000 0.000000 1.000000 1.000000 1.000000
mesh_town_erech 0 town_erech 0.000000 0.000000 0.000000 0.000000 0.000000 0.000000 1.000000 1.000000 1.000000
mesh_town_calembel 0 town_ethring 0.000000 0.000000 0.000000 0.000000 0.000000 0.000000 1.000000 1.000000 1.000000
mesh_town_harad 0 town_harad 0.000000 0.000000 0.000000 0.000000 0.000000 0.000000 1.000000 1.000000 1.000000
mesh_town_lossarnach 0 town_lossarnach 0.000000 0.000000 0.000000 0.000000 0.000000 0.000000 1.000000 1.000000 1.000000
mesh_town_rhun_north 0 town_rhun_north 0.000000 0.000000 0.000000 0.000000 0.000000 0.000000 1.000000 1.000000 1.000000
mesh_town_henneth_annun 0 town_henneth_annun 0.000000 0.000000 0.000000 0.000000 0.000000 0.000000 1.000000 1.000000 1.000000
mesh_town_khand 0 town_khand 0.000000 0.000000 0.000000 0.000000 0.000000 0.000000 1.000000 1.000000 1.000000
mesh_town_rhun 0 town_rhun 0.000000 0.000000 0.000000 0.000000 0.000000 0.000000 1.000000 1.000000 1.000000
mesh_town_goodcamp 0 town_goodcamp 0.000000 0.000000 0.000000 0.000000 0.000000 0.000000 1.000000 1.000000 1.000000
mesh_town_evilcamp 0 town_evilcamp 0.000000 0.000000 0.000000 0.000000 0.000000 0.000000 1.000000 1.000000 1.000000
mesh_town_cair_andros 0 town_cair_andros 0.000000 0.000000 0.000000 0.000000 0.000000 0.000000 1.000000 1.000000 1.000000
mesh_town_gundabad 0 town_gundabad 0.000000 0.000000 0.000000 0.000000 0.000000 0.000000 1.000000 1.000000 1.000000
mesh_portrait_blend_out 0 portrait_blend_out 0.000000 0.000000 0.000000 0.000000 0.000000 0.000000 1.000000 1.000000 1.000000
mesh_load_window 0 load_window 0.000000 0.000000 0.000000 0.000000 0.000000 0.000000 1.000000 1.000000 1.000000
mesh_checkbox_off 1 checkbox_off 0.000000 0.000000 0.000000 0.000000 0.000000 0.000000 1.000000 1.000000 1.000000
mesh_checkbox_on 1 checkbox_on 0.000000 0.000000 0.000000 0.000000 0.000000 0.000000 1.000000 1.000000 1.000000
mesh_white_plane 0 white_plane 0.000000 0.000000 0.000000 0.000000 0.000000 0.000000 1.000000 1.000000 1.000000
mesh_white_dot 0 white_dot 0.000000 0.000000 0.000000 0.000000 0.000000 0.000000 1.000000 1.000000 1.000000
mesh_player_dot 0 player_dot 0.000000 0.000000 0.000000 0.000000 0.000000 0.000000 1.000000 1.000000 1.000000
mesh_flag_infantry 0 flag_infantry 0.000000 0.000000 0.000000 0.000000 0.000000 0.000000 1.000000 1.000000 1.000000
mesh_flag_archers 0 flag_archers 0.000000 0.000000 0.000000 0.000000 0.000000 0.000000 1.000000 1.000000 1.000000
mesh_flag_cavalry 0 flag_cavalry 0.000000 0.000000 0.000000 0.000000 0.000000 0.000000 1.000000 1.000000 1.000000
mesh_color_picker 0 color_picker 0.000000 0.000000 0.000000 0.000000 0.000000 0.000000 1.000000 1.000000 1.000000
mesh_custom_map_banner_01 0 custom_map_banner_01 0.000000 0.000000 0.000000 -90.000000 0.000000 90.000000 1.000000 1.000000 1.000000
mesh_custom_map_banner_02 0 custom_map_banner_02 0.000000 0.000000 0.000000 -90.000000 0.000000 90.000000 1.000000 1.000000 1.000000
mesh_custom_map_banner_03 0 custom_map_banner_03 0.000000 0.000000 0.000000 -90.000000 0.000000 90.000000 1.000000 1.000000 1.000000
mesh_custom_banner_01 0 custom_banner_01 0.000000 0.000000 0.000000 -90.000000 0.000000 0.000000 1.000000 1.000000 1.000000
mesh_custom_banner_02 0 custom_banner_02 0.000000 0.000000 0.000000 -90.000000 0.000000 0.000000 1.000000 1.000000 1.000000
mesh_custom_banner_bg 0 custom_banner_bg 0.000000 0.000000 0.000000 0.000000 0.000000 0.000000 10.000000 10.000000 10.000000
mesh_custom_banner_fg01 0 custom_banner_fg01 0.000000 0.000000 0.000000 0.000000 0.000000 0.000000 10.000000 10.000000 10.000000
mesh_custom_banner_fg02 0 custom_banner_fg02 0.000000 0.000000 0.000000 0.000000 0.000000 0.000000 10.000000 10.000000 10.000000
mesh_custom_banner_fg03 0 custom_banner_fg03 0.000000 0.000000 0.000000 0.000000 0.000000 0.000000 10.000000 10.000000 10.000000
mesh_custom_banner_fg04 0 custom_banner_fg04 0.000000 0.000000 0.000000 0.000000 0.000000 0.000000 10.000000 10.000000 10.000000
mesh_custom_banner_fg05 0 custom_banner_fg05 0.000000 0.000000 0.000000 0.000000 0.000000 0.000000 10.000000 10.000000 10.000000
mesh_custom_banner_fg06 0 custom_banner_fg06 0.000000 0.000000 0.000000 0.000000 0.000000 0.000000 10.000000 10.000000 10.000000
mesh_custom_banner_fg07 0 custom_banner_fg07 0.000000 0.000000 0.000000 0.000000 0.000000 0.000000 10.000000 10.000000 10.000000
mesh_custom_banner_fg08 0 custom_banner_fg08 0.000000 0.000000 0.000000 0.000000 0.000000 0.000000 10.000000 10.000000 10.000000
mesh_custom_banner_fg09 0 custom_banner_fg09 0.000000 0.000000 0.000000 0.000000 0.000000 0.000000 10.000000 10.000000 10.000000
mesh_custom_banner_fg10 0 custom_banner_fg10 0.000000 0.000000 0.000000 0.000000 0.000000 0.000000 10.000000 10.000000 10.000000
mesh_custom_banner_fg11 0 custom_banner_fg11 0.000000 0.000000 0.000000 0.000000 0.000000 0.000000 10.000000 10.000000 10.000000
mesh_custom_banner_fg12 0 custom_banner_fg12 0.000000 0.000000 0.000000 0.000000 0.000000 0.000000 10.000000 10.000000 10.000000
mesh_custom_banner_fg13 0 custom_banner_fg13 0.000000 0.000000 0.000000 0.000000 0.000000 0.000000 10.000000 10.000000 10.000000
mesh_custom_banner_fg14 0 custom_banner_fg14 0.000000 0.000000 0.000000 0.000000 0.000000 0.000000 10.000000 10.000000 10.000000
mesh_custom_banner_fg15 0 custom_banner_fg15 0.000000 0.000000 0.000000 0.000000 0.000000 0.000000 10.000000 10.000000 10.000000
mesh_custom_banner_fg16 0 custom_banner_fg16 0.000000 0.000000 0.000000 0.000000 0.000000 0.000000 10.000000 10.000000 10.000000
mesh_custom_banner_fg17 0 custom_banner_fg17 0.000000 0.000000 0.000000 0.000000 0.000000 0.000000 10.000000 10.000000 10.000000
mesh_custom_banner_fg18 0 custom_banner_fg18 0.000000 0.000000 0.000000 0.000000 0.000000 0.000000 10.000000 10.000000 10.000000
mesh_custom_banner_fg19 0 custom_banner_fg19 0.000000 0.000000 0.000000 0.000000 0.000000 0.000000 10.000000 10.000000 10.000000
mesh_custom_banner_fg20 0 custom_banner_fg20 0.000000 0.000000 0.000000 0.000000 0.000000 0.000000 10.000000 10.000000 10.000000
mesh_custom_banner_fg21 0 custom_banner_fg21 0.000000 0.000000 0.000000 0.000000 0.000000 0.000000 10.000000 10.000000 10.000000
mesh_custom_banner_fg22 0 custom_banner_fg22 0.000000 0.000000 0.000000 0.000000 0.000000 0.000000 10.000000 10.000000 10.000000
mesh_custom_banner_fg23 0 custom_banner_fg23 0.000000 0.000000 0.000000 0.000000 0.000000 0.000000 10.000000 10.000000 10.000000
mesh_custom_banner_charge_01 0 custom_banner_charge_01 0.000000 0.000000 0.000000 0.000000 0.000000 0.000000 10.000000 10.000000 10.000000
mesh_custom_banner_charge_02 0 custom_banner_charge_02 0.000000 0.000000 0.000000 0.000000 0.000000 0.000000 10.000000 10.000000 10.000000
mesh_custom_banner_charge_03 0 custom_banner_charge_03 0.000000 0.000000 0.000000 0.000000 0.000000 0.000000 10.000000 10.000000 10.000000
mesh_custom_banner_charge_04 0 custom_banner_charge_04 0.000000 0.000000 0.000000 0.000000 0.000000 0.000000 10.000000 10.000000 10.000000
mesh_custom_banner_charge_05 0 custom_banner_charge_05 0.000000 0.000000 0.000000 0.000000 0.000000 0.000000 10.000000 10.000000 10.000000
mesh_custom_banner_charge_06 0 custom_banner_charge_06 0.000000 0.000000 0.000000 0.000000 0.000000 0.000000 10.000000 10.000000 10.000000
mesh_custom_banner_charge_07 0 custom_banner_charge_07 0.000000 0.000000 0.000000 0.000000 0.000000 0.000000 10.000000 10.000000 10.000000
mesh_custom_banner_charge_08 0 custom_banner_charge_08 0.000000 0.000000 0.000000 0.000000 0.000000 0.000000 10.000000 10.000000 10.000000
mesh_custom_banner_charge_09 0 custom_banner_charge_09 0.000000 0.000000 0.000000 0.000000 0.000000 0.000000 10.000000 10.000000 10.000000
mesh_custom_banner_charge_10 0 custom_banner_charge_10 0.000000 0.000000 0.000000 0.000000 0.000000 0.000000 10.000000 10.000000 10.000000
mesh_custom_banner_charge_11 0 custom_banner_charge_11 0.000000 0.000000 0.000000 0.000000 0.000000 0.000000 10.000000 10.000000 10.000000
mesh_custom_banner_charge_12 0 custom_banner_charge_12 0.000000 0.000000 0.000000 0.000000 0.000000 0.000000 10.000000 10.000000 10.000000
mesh_custom_banner_charge_13 0 custom_banner_charge_13 0.000000 0.000000 0.000000 0.000000 0.000000 0.000000 10.000000 10.000000 10.000000
mesh_custom_banner_charge_14 0 custom_banner_charge_14 0.000000 0.000000 0.000000 0.000000 0.000000 0.000000 10.000000 10.000000 10.000000
mesh_custom_banner_charge_15 0 custom_banner_charge_15 0.000000 0.000000 0.000000 0.000000 0.000000 0.000000 10.000000 10.000000 10.000000
mesh_custom_banner_charge_16 0 custom_banner_charge_16 0.000000 0.000000 0.000000 0.000000 0.000000 0.000000 10.000000 10.000000 10.000000
mesh_custom_banner_charge_17 0 custom_banner_charge_17 0.000000 0.000000 0.000000 0.000000 0.000000 0.000000 10.000000 10.000000 10.000000
mesh_custom_banner_charge_18 0 custom_banner_charge_18 0.000000 0.000000 0.000000 0.000000 0.000000 0.000000 10.000000 10.000000 10.000000
mesh_custom_banner_charge_19 0 custom_banner_charge_19 0.000000 0.000000 0.000000 0.000000 0.000000 0.000000 10.000000 10.000000 10.000000
mesh_custom_banner_charge_20 0 custom_banner_charge_20 0.000000 0.000000 0.000000 0.000000 0.000000 0.000000 10.000000 10.000000 10.000000
mesh_custom_banner_charge_21 0 custom_banner_charge_21 0.000000 0.000000 0.000000 0.000000 0.000000 0.000000 10.000000 10.000000 10.000000
mesh_custom_banner_charge_22 0 custom_banner_charge_22 0.000000 0.000000 0.000000 0.000000 0.000000 0.000000 10.000000 10.000000 10.000000
mesh_custom_banner_charge_23 0 custom_banner_charge_23 0.000000 0.000000 0.000000 0.000000 0.000000 0.000000 10.000000 10.000000 10.000000
mesh_custom_banner_charge_24 0 custom_banner_charge_24 0.000000 0.000000 0.000000 0.000000 0.000000 0.000000 10.000000 10.000000 10.000000
mesh_custom_banner_charge_25 0 custom_banner_charge_25 0.000000 0.000000 0.000000 0.000000 0.000000 0.000000 10.000000 10.000000 10.000000
mesh_custom_banner_charge_26 0 custom_banner_charge_26 0.000000 0.000000 0.000000 0.000000 0.000000 0.000000 10.000000 10.000000 10.000000
mesh_custom_banner_charge_27 0 custom_banner_charge_27 0.000000 0.000000 0.000000 0.000000 0.000000 0.000000 10.000000 10.000000 10.000000
mesh_custom_banner_charge_28 0 custom_banner_charge_28 0.000000 0.000000 0.000000 0.000000 0.000000 0.000000 10.000000 10.000000 10.000000
mesh_custom_banner_charge_29 0 custom_banner_charge_29 0.000000 0.000000 0.000000 0.000000 0.000000 0.000000 10.000000 10.000000 10.000000
mesh_custom_banner_charge_30 0 custom_banner_charge_30 0.000000 0.000000 0.000000 0.000000 0.000000 0.000000 10.000000 10.000000 10.000000
mesh_custom_banner_charge_31 0 custom_banner_charge_31 0.000000 0.000000 0.000000 0.000000 0.000000 0.000000 10.000000 10.000000 10.000000
mesh_custom_banner_charge_32 0 custom_banner_charge_32 0.000000 0.000000 0.000000 0.000000 0.000000 0.000000 10.000000 10.000000 10.000000
mesh_custom_banner_charge_33 0 custom_banner_charge_33 0.000000 0.000000 0.000000 0.000000 0.000000 0.000000 10.000000 10.000000 10.000000
mesh_custom_banner_charge_34 0 custom_banner_charge_34 0.000000 0.000000 0.000000 0.000000 0.000000 0.000000 10.000000 10.000000 10.000000
mesh_custom_banner_charge_35 0 custom_banner_charge_35 0.000000 0.000000 0.000000 0.000000 0.000000 0.000000 10.000000 10.000000 10.000000
mesh_custom_banner_charge_36 0 custom_banner_charge_36 0.000000 0.000000 0.000000 0.000000 0.000000 0.000000 10.000000 10.000000 10.000000
mesh_custom_banner_charge_37 0 custom_banner_charge_37 0.000000 0.000000 0.000000 0.000000 0.000000 0.000000 10.000000 10.000000 10.000000
mesh_custom_banner_charge_38 0 custom_banner_charge_38 0.000000 0.000000 0.000000 0.000000 0.000000 0.000000 10.000000 10.000000 10.000000
mesh_custom_banner_charge_39 0 custom_banner_charge_39 0.000000 0.000000 0.000000 0.000000 0.000000 0.000000 10.000000 10.000000 10.000000
mesh_custom_banner_charge_40 0 custom_banner_charge_40 0.000000 0.000000 0.000000 0.000000 0.000000 0.000000 10.000000 10.000000 10.000000
mesh_custom_banner_charge_41 0 custom_banner_charge_41 0.000000 0.000000 0.000000 0.000000 0.000000 0.000000 10.000000 10.000000 10.000000
mesh_custom_banner_charge_42 0 custom_banner_charge_42 0.000000 0.000000 0.000000 0.000000 0.000000 0.000000 10.000000 10.000000 10.000000
mesh_custom_banner_charge_43 0 custom_banner_charge_43 0.000000 0.000000 0.000000 0.000000 0.000000 0.000000 10.000000 10.000000 10.000000
mesh_custom_banner_charge_44 0 custom_banner_charge_44 0.000000 0.000000 0.000000 0.000000 0.000000 0.000000 10.000000 10.000000 10.000000
mesh_custom_banner_charge_45 0 custom_banner_charge_45 0.000000 0.000000 0.000000 0.000000 0.000000 0.000000 10.000000 10.000000 10.000000
mesh_custom_banner_charge_46 0 custom_banner_charge_46 0.000000 0.000000 0.000000 0.000000 0.000000 0.000000 10.000000 10.000000 10.000000
mesh_tableau_mesh_shield_kite 0 tableau_mesh_shield_kite 0.000000 0.000000 0.000000 0.000000 0.000000 0.000000 10.000000 10.000000 10.000000
mesh_tableau_mesh_shield_tower 0 tableau_mesh_shield_tower 0.000000 0.000000 0.000000 0.000000 0.000000 0.000000 10.000000 10.000000 10.000000
mesh_tableau_mesh_shield_square 0 tableau_mesh_shield_square 0.000000 0.000000 0.000000 0.000000 0.000000 0.000000 10.000000 10.000000 10.000000
mesh_tableau_mesh_shield_round 0 tableau_mesh_shield_round 0.000000 0.000000 0.000000 0.000000 0.000000 0.000000 10.000000 10.000000 10.000000
mesh_tableau_mesh_shield_harad 0 tableau_mesh_shield_harad 0.000000 0.000000 0.000000 0.000000 0.000000 0.000000 10.000000 10.000000 10.000000
mesh_tableau_mesh_shield_rohan 0 tableau_mesh_shield_rohan 0.000000 0.000000 0.000000 0.000000 0.000000 0.000000 10.000000 10.000000 10.000000
mesh_tableau_mesh_custom_banner 0 tableau_mesh_custom_banner 0.000000 0.000000 0.000000 0.000000 0.000000 0.000000 10.000000 10.000000 10.000000
mesh_tableau_mesh_custom_banner_square 0 tableau_mesh_custom_banner_square 0.000000 0.000000 0.000000 0.000000 0.000000 0.000000 10.000000 10.000000 10.000000
mesh_tableau_mesh_custom_banner_tall 0 tableau_mesh_custom_banner_tall 0.000000 0.000000 0.000000 0.000000 0.000000 0.000000 10.000000 10.000000 10.000000
mesh_tableau_mesh_custom_banner_short 0 tableau_mesh_custom_banner_short 0.000000 0.000000 0.000000 0.000000 0.000000 0.000000 10.000000 10.000000 10.000000
mesh_tableau_mesh_shield_round_1 0 tableau_mesh_shield_round_1 0.000000 0.000000 0.000000 0.000000 0.000000 0.000000 10.000000 10.000000 10.000000
mesh_tableau_mesh_shield_round_2 0 tableau_mesh_shield_round_2 0.000000 0.000000 0.000000 0.000000 0.000000 0.000000 10.000000 10.000000 10.000000
mesh_tableau_mesh_shield_round_3 0 tableau_mesh_shield_round_3 0.000000 0.000000 0.000000 0.000000 0.000000 0.000000 10.000000 10.000000 10.000000
mesh_tableau_mesh_shield_round_4 0 tableau_mesh_shield_round_4 0.000000 0.000000 0.000000 0.000000 0.000000 0.000000 10.000000 10.000000 10.000000
mesh_tableau_mesh_shield_round_5 0 tableau_mesh_shield_round_5 0.000000 0.000000 0.000000 0.000000 0.000000 0.000000 10.000000 10.000000 10.000000
mesh_tableau_mesh_shield_small_round_1 0 tableau_mesh_shield_small_round_1 0.000000 0.000000 0.000000 0.000000 0.000000 0.000000 10.000000 10.000000 10.000000
mesh_tableau_mesh_shield_small_round_2 0 tableau_mesh_shield_small_round_2 0.000000 0.000000 0.000000 0.000000 0.000000 0.000000 10.000000 10.000000 10.000000
mesh_tableau_mesh_shield_small_round_3 0 tableau_mesh_shield_small_round_3 0.000000 0.000000 0.000000 0.000000 0.000000 0.000000 10.000000 10.000000 10.000000
mesh_heraldic_armor_bg 0 heraldic_armor_bg 0.000000 0.000000 0.000000 0.000000 0.000000 0.000000 10.000000 10.000000 10.000000
mesh_tableau_mesh_heraldic_rohan_armor 0 tableau_mesh_heraldic_rohan_armor 0.000000 0.000000 0.000000 0.000000 0.000000 0.000000 1.000000 1.000000 1.000000
mesh_banner_gondor 0 b_arms_gondor 0.000000 0.000000 0.000000 -90.000000 0.000000 0.000000 1.000000 1.000000 1.000000
mesh_banner_rohan 0 b_arms_rohan 0.000000 0.000000 0.000000 -90.000000 0.000000 0.000000 1.000000 1.000000 1.000000
mesh_banner_mordor 0 b_mordor 0.000000 0.000000 0.000000 -90.000000 0.000000 0.000000 1.000000 1.000000 1.000000
mesh_banner_harad 0 b_harad 0.000000 0.000000 0.000000 -90.000000 0.000000 0.000000 1.000000 1.000000 1.000000
mesh_banner_khand 0 b_arms_khand 0.000000 0.000000 0.000000 -90.000000 0.000000 0.000000 1.000000 1.000000 1.000000
mesh_banner_rhun 0 b_rhun 0.000000 0.000000 0.000000 -90.000000 0.000000 0.000000 1.000000 1.000000 1.000000
mesh_banner_umbar 0 b_arms_umbar 0.000000 0.000000 0.000000 -90.000000 0.000000 0.000000 1.000000 1.000000 1.000000
mesh_banner_lorien 0 b_arms_lorien 0.000000 0.000000 0.000000 -90.000000 0.000000 0.000000 1.000000 1.000000 1.000000
mesh_banner_imladris 0 b_arms_imladris 0.000000 0.000000 0.000000 -90.000000 0.000000 0.000000 1.000000 1.000000 1.000000
mesh_banner_woodelf 0 b_arms_woodelf 0.000000 0.000000 0.000000 -90.000000 0.000000 0.000000 1.000000 1.000000 1.000000
mesh_banner_moria 0 b_moria 0.000000 0.000000 0.000000 -90.000000 0.000000 0.000000 1.000000 1.000000 1.000000
mesh_banner_guldur 0 b_guldur 0.000000 0.000000 0.000000 -90.000000 0.000000 0.000000 1.000000 1.000000 1.000000
mesh_banner_beorn 0 b_beorn 0.000000 0.000000 0.000000 -90.000000 0.000000 0.000000 1.000000 1.000000 1.000000
mesh_banner_gundabad 0 b_gundabad 0.000000 0.000000 0.000000 -90.000000 0.000000 0.000000 1.000000 1.000000 1.000000
mesh_banner_dale 0 b_arms_dale 0.000000 0.000000 0.000000 -90.000000 0.000000 0.000000 1.000000 1.000000 1.000000
mesh_banner_erebor 0 b_arms_erebor 0.000000 0.000000 0.000000 -90.000000 0.000000 0.000000 1.000000 1.000000 1.000000
mesh_banner_dunland 0 b_dunland 0.000000 0.000000 0.000000 -90.000000 0.000000 0.000000 1.000000 1.000000 1.000000
mesh_banner_isengard 0 b_isengard 0.000000 0.000000 0.000000 -90.000000 0.000000 0.000000 1.000000 1.000000 1.000000
mesh_banner_e01 0 banner_e01 0.000000 0.000000 0.000000 -90.000000 0.000000 0.000000 1.000000 1.000000 1.000000
mesh_banner_e02 0 banner_e02 0.000000 0.000000 0.000000 -90.000000 0.000000 0.000000 1.000000 1.000000 1.000000
mesh_banner_e03 0 banner_e03 0.000000 0.000000 0.000000 -90.000000 0.000000 0.000000 1.000000 1.000000 1.000000
mesh_banner_e04 0 banner_e04 0.000000 0.000000 0.000000 -90.000000 0.000000 0.000000 1.000000 1.000000 1.000000
mesh_banner_e05 0 banner_e05 0.000000 0.000000 0.000000 -90.000000 0.000000 0.000000 1.000000 1.000000 1.000000
mesh_banner_e06 0 banner_e06 0.000000 0.000000 0.000000 -90.000000 0.000000 0.000000 1.000000 1.000000 1.000000
mesh_banner_e07 0 banner_e07 0.000000 0.000000 0.000000 -90.000000 0.000000 0.000000 1.000000 1.000000 1.000000
mesh_banner_e08 0 banner_e08 0.000000 0.000000 0.000000 -90.000000 0.000000 0.000000 1.000000 1.000000 1.000000
mesh_banner_e09 0 banner_e09 0.000000 0.000000 0.000000 -90.000000 0.000000 0.000000 1.000000 1.000000 1.000000
mesh_banner_e10 0 banner_e10 0.000000 0.000000 0.000000 -90.000000 0.000000 0.000000 1.000000 1.000000 1.000000
mesh_banner_e11 0 banner_e11 0.000000 0.000000 0.000000 -90.000000 0.000000 0.000000 1.000000 1.000000 1.000000
mesh_banner_e12 0 banner_e12 0.000000 0.000000 0.000000 -90.000000 0.000000 0.000000 1.000000 1.000000 1.000000
mesh_banner_e13 0 banner_e13 0.000000 0.000000 0.000000 -90.000000 0.000000 0.000000 1.000000 1.000000 1.000000
mesh_banner_e14 0 banner_e14 0.000000 0.000000 0.000000 -90.000000 0.000000 0.000000 1.000000 1.000000 1.000000
mesh_banner_e15 0 banner_e15 0.000000 0.000000 0.000000 -90.000000 0.000000 0.000000 1.000000 1.000000 1.000000
mesh_banner_e16 0 banner_e16 0.000000 0.000000 0.000000 -90.000000 0.000000 0.000000 1.000000 1.000000 1.000000
mesh_banner_e17 0 banner_e17 0.000000 0.000000 0.000000 -90.000000 0.000000 0.000000 1.000000 1.000000 1.000000
mesh_banner_e18 0 banner_e18 0.000000 0.000000 0.000000 -90.000000 0.000000 0.000000 1.000000 1.000000 1.000000
mesh_banner_e19 0 banner_e19 0.000000 0.000000 0.000000 -90.000000 0.000000 0.000000 1.000000 1.000000 1.000000
mesh_banner_e20 0 banner_e20 0.000000 0.000000 0.000000 -90.000000 0.000000 0.000000 1.000000 1.000000 1.000000
mesh_banner_e21 0 banner_e21 0.000000 0.000000 0.000000 -90.000000 0.000000 0.000000 1.000000 1.000000 1.000000
mesh_banner_f01 0 banner_f01 0.000000 0.000000 0.000000 -90.000000 0.000000 0.000000 1.000000 1.000000 1.000000
mesh_banner_f02 0 banner_f02 0.000000 0.000000 0.000000 -90.000000 0.000000 0.000000 1.000000 1.000000 1.000000
mesh_banner_f04 0 banner_f04 0.000000 0.000000 0.000000 -90.000000 0.000000 0.000000 1.000000 1.000000 1.000000
mesh_banner_f05 0 banner_f05 0.000000 0.000000 0.000000 -90.000000 0.000000 0.000000 1.000000 1.000000 1.000000
mesh_banner_f06 0 banner_f06 0.000000 0.000000 0.000000 -90.000000 0.000000 0.000000 1.000000 1.000000 1.000000
mesh_banner_f07 0 banner_f07 0.000000 0.000000 0.000000 -90.000000 0.000000 0.000000 1.000000 1.000000 1.000000
mesh_banner_f08 0 banner_f08 0.000000 0.000000 0.000000 -90.000000 0.000000 0.000000 1.000000 1.000000 1.000000
mesh_banner_f09 0 banner_f09 0.000000 0.000000 0.000000 -90.000000 0.000000 0.000000 1.000000 1.000000 1.000000
mesh_banner_f10 0 banner_f10 0.000000 0.000000 0.000000 -90.000000 0.000000 0.000000 1.000000 1.000000 1.000000
mesh_banner_f11 0 banner_f11 0.000000 0.000000 0.000000 -90.000000 0.000000 0.000000 1.000000 1.000000 1.000000
mesh_banner_f12 0 banner_f12 0.000000 0.000000 0.000000 -90.000000 0.000000 0.000000 1.000000 1.000000 1.000000
mesh_banner_f13 0 banner_f13 0.000000 0.000000 0.000000 -90.000000 0.000000 0.000000 1.000000 1.000000 1.000000
mesh_banner_f14 0 banner_f14 0.000000 0.000000 0.000000 -90.000000 0.000000 0.000000 1.000000 1.000000 1.000000
mesh_banner_f15 0 banner_f15 0.000000 0.000000 0.000000 -90.000000 0.000000 0.000000 1.000000 1.000000 1.000000
mesh_banner_f16 0 banner_f16 0.000000 0.000000 0.000000 -90.000000 0.000000 0.000000 1.000000 1.000000 1.000000
mesh_banner_f17 0 banner_f17 0.000000 0.000000 0.000000 -90.000000 0.000000 0.000000 1.000000 1.000000 1.000000
mesh_banner_f18 0 banner_f18 0.000000 0.000000 0.000000 -90.000000 0.000000 0.000000 1.000000 1.000000 1.000000
mesh_banner_f19 0 banner_f19 0.000000 0.000000 0.000000 -90.000000 0.000000 0.000000 1.000000 1.000000 1.000000
mesh_banner_f21 0 b_arms_los 0.000000 0.000000 0.000000 -90.000000 0.000000 0.000000 1.000000 1.000000 1.000000
mesh_banner_f20 0 banner_f20 0.000000 0.000000 0.000000 -90.000000 0.000000 0.000000 1.000000 1.000000 1.000000
mesh_arms_a01 0 b_arms_gondor 0.000000 0.000000 0.000000 -90.000000 0.000000 0.000000 1.000000 1.000000 1.000000
mesh_arms_a02 0 b_arms_rohan 0.000000 0.000000 0.000000 -90.000000 0.000000 0.000000 1.000000 1.000000 1.000000
mesh_arms_a03 0 b_mordor 0.000000 0.000000 0.000000 -90.000000 0.000000 0.000000 1.000000 1.000000 1.000000
mesh_arms_a04 0 b_harad 0.000000 0.000000 0.000000 -90.000000 0.000000 0.000000 1.000000 1.000000 1.000000
mesh_arms_a05 0 b_arms_khand 0.000000 0.000000 0.000000 -90.000000 0.000000 0.000000 1.000000 1.000000 1.000000
mesh_arms_a06 0 b_rhun 0.000000 0.000000 0.000000 -90.000000 0.000000 0.000000 1.000000 1.000000 1.000000
mesh_arms_a07 0 b_arms_umbar 0.000000 0.000000 0.000000 -90.000000 0.000000 0.000000 1.000000 1.000000 1.000000
mesh_arms_a08 0 b_arms_lorien 0.000000 0.000000 0.000000 -90.000000 0.000000 0.000000 1.000000 1.000000 1.000000
mesh_arms_a09 0 b_arms_imladris 0.000000 0.000000 0.000000 -90.000000 0.000000 0.000000 1.000000 1.000000 1.000000
mesh_arms_a10 0 b_arms_woodelf 0.000000 0.000000 0.000000 -90.000000 0.000000 0.000000 1.000000 1.000000 1.000000
mesh_arms_a11 0 b_moria 0.000000 0.000000 0.000000 -90.000000 0.000000 0.000000 1.000000 1.000000 1.000000
mesh_arms_a12 0 b_guldur 0.000000 0.000000 0.000000 -90.000000 0.000000 0.000000 1.000000 1.000000 1.000000
mesh_arms_a13 0 b_beorn 0.000000 0.000000 0.000000 -90.000000 0.000000 0.000000 1.000000 1.000000 1.000000
mesh_arms_a14 0 b_gundabad 0.000000 0.000000 0.000000 -90.000000 0.000000 0.000000 1.000000 1.000000 1.000000
mesh_arms_a15 0 b_arms_dale 0.000000 0.000000 0.000000 -90.000000 0.000000 0.000000 1.000000 1.000000 1.000000
mesh_arms_a16 0 b_arms_erebor 0.000000 0.000000 0.000000 -90.000000 0.000000 0.000000 1.000000 1.000000 1.000000
mesh_arms_a17 0 b_dunland 0.000000 0.000000 0.000000 -90.000000 0.000000 0.000000 1.000000 1.000000 1.000000
mesh_arms_a19 0 b_isengard 0.000000 0.000000 0.000000 -90.000000 0.000000 0.000000 1.000000 1.000000 1.000000
mesh_arms_e01 0 banner_e01 0.000000 0.000000 0.000000 -90.000000 0.000000 0.000000 1.000000 1.000000 1.000000
mesh_arms_e02 0 banner_e02 0.000000 0.000000 0.000000 -90.000000 0.000000 0.000000 1.000000 1.000000 1.000000
mesh_arms_e03 0 banner_e03 0.000000 0.000000 0.000000 -90.000000 0.000000 0.000000 1.000000 1.000000 1.000000
mesh_arms_e04 0 banner_e04 0.000000 0.000000 0.000000 -90.000000 0.000000 0.000000 1.000000 1.000000 1.000000
mesh_arms_e05 0 banner_e05 0.000000 0.000000 0.000000 -90.000000 0.000000 0.000000 1.000000 1.000000 1.000000
mesh_arms_e06 0 banner_e06 0.000000 0.000000 0.000000 -90.000000 0.000000 0.000000 1.000000 1.000000 1.000000
mesh_arms_e07 0 banner_e07 0.000000 0.000000 0.000000 -90.000000 0.000000 0.000000 1.000000 1.000000 1.000000
mesh_arms_e08 0 banner_e08 0.000000 0.000000 0.000000 -90.000000 0.000000 0.000000 1.000000 1.000000 1.000000
mesh_arms_e09 0 banner_e09 0.000000 0.000000 0.000000 -90.000000 0.000000 0.000000 1.000000 1.000000 1.000000
mesh_arms_e10 0 banner_e10 0.000000 0.000000 0.000000 -90.000000 0.000000 0.000000 1.000000 1.000000 1.000000
mesh_arms_e11 0 banner_e11 0.000000 0.000000 0.000000 -90.000000 0.000000 0.000000 1.000000 1.000000 1.000000
mesh_arms_e12 0 banner_e12 0.000000 0.000000 0.000000 -90.000000 0.000000 0.000000 1.000000 1.000000 1.000000
mesh_arms_e13 0 banner_e13 0.000000 0.000000 0.000000 -90.000000 0.000000 0.000000 1.000000 1.000000 1.000000
mesh_arms_e14 0 banner_e14 0.000000 0.000000 0.000000 -90.000000 0.000000 0.000000 1.000000 1.000000 1.000000
mesh_arms_e15 0 banner_e15 0.000000 0.000000 0.000000 -90.000000 0.000000 0.000000 1.000000 1.000000 1.000000
mesh_arms_e16 0 banner_e16 0.000000 0.000000 0.000000 -90.000000 0.000000 0.000000 1.000000 1.000000 1.000000
mesh_arms_e17 0 banner_e17 0.000000 0.000000 0.000000 -90.000000 0.000000 0.000000 1.000000 1.000000 1.000000
mesh_arms_e18 0 banner_e18 0.000000 0.000000 0.000000 -90.000000 0.000000 0.000000 1.000000 1.000000 1.000000
mesh_arms_e19 0 banner_e19 0.000000 0.000000 0.000000 -90.000000 0.000000 0.000000 1.000000 1.000000 1.000000
mesh_arms_e20 0 banner_e20 0.000000 0.000000 0.000000 -90.000000 0.000000 0.000000 1.000000 1.000000 1.000000
mesh_arms_e21 0 banner_e21 0.000000 0.000000 0.000000 -90.000000 0.000000 0.000000 1.000000 1.000000 1.000000
mesh_arms_f01 0 banner_f01 0.000000 0.000000 0.000000 -90.000000 0.000000 0.000000 1.000000 1.000000 1.000000
mesh_arms_f02 0 banner_f02 0.000000 0.000000 0.000000 -90.000000 0.000000 0.000000 1.000000 1.000000 1.000000
mesh_arms_f04 0 banner_f04 0.000000 0.000000 0.000000 -90.000000 0.000000 0.000000 1.000000 1.000000 1.000000
mesh_arms_f05 0 banner_f05 0.000000 0.000000 0.000000 -90.000000 0.000000 0.000000 1.000000 1.000000 1.000000
mesh_arms_f06 0 banner_f06 0.000000 0.000000 0.000000 -90.000000 0.000000 0.000000 1.000000 1.000000 1.000000
mesh_arms_f07 0 banner_f07 0.000000 0.000000 0.000000 -90.000000 0.000000 0.000000 1.000000 1.000000 1.000000
mesh_arms_f08 0 banner_f08 0.000000 0.000000 0.000000 -90.000000 0.000000 0.000000 1.000000 1.000000 1.000000
mesh_arms_f09 0 banner_f09 0.000000 0.000000 0.000000 -90.000000 0.000000 0.000000 1.000000 1.000000 1.000000
mesh_arms_f10 0 banner_f10 0.000000 0.000000 0.000000 -90.000000 0.000000 0.000000 1.000000 1.000000 1.000000
mesh_arms_f11 0 banner_f11 0.000000 0.000000 0.000000 -90.000000 0.000000 0.000000 1.000000 1.000000 1.000000
mesh_arms_f12 0 banner_f12 0.000000 0.000000 0.000000 -90.000000 0.000000 0.000000 1.000000 1.000000 1.000000
mesh_arms_f13 0 banner_f13 0.000000 0.000000 0.000000 -90.000000 0.000000 0.000000 1.000000 1.000000 1.000000
mesh_arms_f14 0 banner_f14 0.000000 0.000000 0.000000 -90.000000 0.000000 0.000000 1.000000 1.000000 1.000000
mesh_arms_f15 0 banner_f15 0.000000 0.000000 0.000000 -90.000000 0.000000 0.000000 1.000000 1.000000 1.000000
mesh_arms_f16 0 banner_f16 0.000000 0.000000 0.000000 -90.000000 0.000000 0.000000 1.000000 1.000000 1.000000
mesh_arms_f17 0 banner_f17 0.000000 0.000000 0.000000 -90.000000 0.000000 0.000000 1.000000 1.000000 1.000000
mesh_arms_f18 0 banner_f18 0.000000 0.000000 0.000000 -90.000000 0.000000 0.000000 1.000000 1.000000 1.000000
mesh_arms_f19 0 banner_f19 0.000000 0.000000 0.000000 -90.000000 0.000000 0.000000 1.000000 1.000000 1.000000
mesh_arms_f21 0 b_arms_los 0.000000 0.000000 0.000000 -90.000000 0.000000 0.000000 1.000000 1.000000 1.000000
mesh_arms_f20 0 banner_f20 0.000000 0.000000 0.000000 -90.000000 0.000000 0.000000 1.000000 1.000000 1.000000
mesh_banners_default_a 0 banners_default_a 0.000000 0.000000 0.000000 -90.000000 0.000000 0.000000 1.000000 1.000000 1.000000
mesh_banners_default_b 0 banners_default_b 0.000000 0.000000 0.000000 -90.000000 0.000000 0.000000 1.000000 1.000000 1.000000
mesh_banners_default_c 0 banners_default_c 0.000000 0.000000 0.000000 -90.000000 0.000000 0.000000 1.000000 1.000000 1.000000
mesh_banners_default_d 0 banners_default_d 0.000000 0.000000 0.000000 -90.000000 0.000000 0.000000 1.000000 1.000000 1.000000
mesh_banners_default_e 0 banners_default_e 0.000000 0.000000 0.000000 -90.000000 0.000000 0.000000 1.000000 1.000000 1.000000
mesh_circular_8mosaic1 0 circular_8mosaic1 0.000000 0.000000 0.000000 -90.000000 0.000000 0.000000 1.000000 1.000000 1.000000
mesh_circular_8mosaic2 0 circular_8mosaic2 0.000000 0.000000 0.000000 -90.000000 0.000000 0.000000 1.000000 1.000000 1.000000
mesh_circular_8mosaic3 0 circular_8mosaic3 0.000000 0.000000 0.000000 -90.000000 0.000000 0.000000 1.000000 1.000000 1.000000
mesh_circular_8mosaic4 0 circular_8mosaic4 0.000000 0.000000 0.000000 -90.000000 0.000000 0.000000 1.000000 1.000000 1.000000
mesh_circular_8mosaic5 0 circular_8mosaic5 0.000000 0.000000 0.000000 -90.000000 0.000000 0.000000 1.000000 1.000000 1.000000
mesh_circular_8mosaic6 0 circular_8mosaic6 0.000000 0.000000 0.000000 -90.000000 0.000000 0.000000 1.000000 1.000000 1.000000
mesh_circular_8mosaic7 0 circular_8mosaic7 0.000000 0.000000 0.000000 -90.000000 0.000000 0.000000 1.000000 1.000000 1.000000
mesh_circular_8mosaic8 0 circular_8mosaic8 0.000000 0.000000 0.000000 -90.000000 0.000000 0.000000 1.000000 1.000000 1.000000
mesh_circular_8mosaic9 0 circular_8mosaic9 0.000000 0.000000 0.000000 -90.000000 0.000000 0.000000 1.000000 1.000000 1.000000
mesh_circular_8mosaic10 0 circular_8mosaic10 0.000000 0.000000 0.000000 -90.000000 0.000000 0.000000 1.000000 1.000000 1.000000
mesh_far_harad_shield_paint 0 harad_tableau_paint_mesh 0.000000 0.000000 0.000000 0.000000 0.000000 0.000000 10.000000 10.000000 10.000000
mesh_tableau_mesh_gondor_tunic_a 0 tableau_mesh_gondor_tunic_a 0.000000 0.000000 0.000000 0.000000 0.000000 0.000000 10.000000 10.000000 10.000000
mesh_tableau_mesh_gondor_tunic_b 0 tableau_mesh_gondor_tunic_b 0.000000 0.000000 0.000000 0.000000 0.000000 0.000000 10.000000 10.000000 10.000000
mesh_tableau_mesh_rohan_tunic 0 tableau_mesh_rohan_tunic 0.000000 0.000000 0.000000 0.000000 0.000000 0.000000 10.000000 10.000000 10.000000
mesh_tableau_mesh_dale_tunic 0 tableau_mesh_dale_tunic 0.000000 0.000000 0.000000 0.000000 0.000000 0.000000 10.000000 10.000000 10.000000
mesh_tableau_mesh_woodman_tunic 0 tableau_mesh_woodman_tunic 0.000000 0.000000 0.000000 0.000000 0.000000 0.000000 10.000000 10.000000 10.000000
mesh_rohan_paint_1 0 rohan_paint_mesh_a 0.000000 0.000000 0.000000 0.000000 0.000000 0.000000 10.000000 10.000000 10.000000
mesh_rohan_paint_2 0 rohan_paint_mesh_b 0.000000 0.000000 0.000000 0.000000 0.000000 0.000000 10.000000 10.000000 10.000000
mesh_rohan_paint_3 0 rohan_paint_mesh_f 0.000000 0.000000 0.000000 0.000000 0.000000 0.000000 10.000000 10.000000 10.000000
mesh_rohan_paint_4 0 rohan_paint_mesh_g 0.000000 0.000000 0.000000 0.000000 0.000000 0.000000 10.000000 10.000000 10.000000
mesh_rohan_paint_5 0 rohan_paint_mesh_c 0.000000 0.000000 0.000000 0.000000 0.000000 0.000000 10.000000 10.000000 10.000000
mesh_rohan_paint_6 0 rohan_paint_mesh_d 0.000000 0.000000 0.000000 0.000000 0.000000 0.000000 10.000000 10.000000 10.000000
mesh_rohan_paint_7 0 rohan_paint_mesh_e 0.000000 0.000000 0.000000 0.000000 0.000000 0.000000 10.000000 10.000000 10.000000
mesh_icon_burn_pattern 0 tableau_mesh_burn_pattern 0.000000 0.000000 0.000000 0.000000 0.000000 0.000000 10.000000 10.000000 10.000000
mesh_icon_gondor_town 0 tableau_mesh_gondortown 0.000000 0.000000 0.000000 0.000000 0.000000 0.000000 10.000000 10.000000 10.000000
mesh_icon_castle1 0 tableau_mesh_iconcastle1 0.000000 0.000000 0.000000 0.000000 0.000000 0.000000 10.000000 10.000000 10.000000
mesh_icon_minastirith 0 tableau_mesh_mt 0.000000 0.000000 0.000000 0.000000 0.000000 0.000000 10.000000 10.000000 10.000000
mesh_icon_helmsdeep 0 tableau_mesh_hd 0.000000 0.000000 0.000000 0.000000 0.000000 0.000000 10.000000 10.000000 10.000000
mesh_icon_dolamroth 0 tableau_mesh_dolamroth 0.000000 0.000000 0.000000 0.000000 0.000000 0.000000 10.000000 10.000000 10.000000
mesh_icon_edoras 0 tableau_mesh_edoras 0.000000 0.000000 0.000000 0.000000 0.000000 0.000000 10.000000 10.000000 10.000000
