partiesfile version 1
392 392
 1 0 0 p_main_party Main_Party 1048652 0 0 23 0 0 0 0 0 13.600000 54.600000 13.600000 54.600000 13.600000 54.600000 0.0 1 0 1 0 0 
0.000000
 1 1 1 p_temp_party temp_party 256 0 0 1 0 0 0 0 0 0.000000 0.000000 0.000000 0.000000 0.000000 0.000000 0.0 0 
0.000000
 1 2 2 p_camp_bandits camp_bandits 256 0 0 2 0 0 0 0 0 1.000000 1.000000 1.000000 1.000000 1.000000 1.000000 0.0 1 3 3 0 0 
0.000000
 1 3 3 p_temp_party_2 temp_party_2 256 0 0 1 0 0 0 0 0 0.000000 0.000000 0.000000 0.000000 0.000000 0.000000 0.0 0 
0.000000
 1 4 4 p_temp_casualties casualties 256 0 0 26 0 0 0 0 0 1.000000 1.000000 1.000000 1.000000 1.000000 1.000000 0.0 0 
0.000000
 1 5 5 p_temp_casualties_2 casualties 256 0 0 26 0 0 0 0 0 1.000000 1.000000 1.000000 1.000000 1.000000 1.000000 0.0 0 
0.000000
 1 6 6 p_temp_casualties_3 casualties 256 0 0 26 0 0 0 0 0 1.000000 1.000000 1.000000 1.000000 1.000000 1.000000 0.0 0 
0.000000
 1 7 7 p_temp_wounded enemies_wounded 256 0 0 26 0 0 0 0 0 1.000000 1.000000 1.000000 1.000000 1.000000 1.000000 0.0 0 
0.000000
 1 8 8 p_temp_killed enemies_killed 256 0 0 26 0 0 0 0 0 1.000000 1.000000 1.000000 1.000000 1.000000 1.000000 0.0 0 
0.000000
 1 9 9 p_main_party_backup _ 256 0 0 26 0 0 0 0 0 1.000000 1.000000 1.000000 1.000000 1.000000 1.000000 0.0 0 
0.000000
 1 10 10 p_encountered_party_backup _ 256 0 0 26 0 0 0 0 0 1.000000 1.000000 1.000000 1.000000 1.000000 1.000000 0.0 0 
0.000000
 1 11 11 p_collective_friends_backup _ 256 0 0 26 0 0 0 0 0 1.000000 1.000000 1.000000 1.000000 1.000000 1.000000 0.0 0 
0.000000
 1 12 12 p_player_casualties _ 256 0 0 26 0 0 0 0 0 1.000000 1.000000 1.000000 1.000000 1.000000 1.000000 0.0 0 
0.000000
 1 13 13 p_enemy_casualties _ 256 0 0 26 0 0 0 0 0 1.000000 1.000000 1.000000 1.000000 1.000000 1.000000 0.0 0 
0.000000
 1 14 14 p_ally_casualties _ 256 0 0 26 0 0 0 0 0 1.000000 1.000000 1.000000 1.000000 1.000000 1.000000 0.0 0 
0.000000
 1 15 15 p_collective_enemy collective_enemy 256 0 0 26 0 0 0 0 0 1.000000 1.000000 1.000000 1.000000 1.000000 1.000000 0.0 0 
0.000000
 1 16 16 p_collective_ally collective_ally 256 0 0 26 0 0 0 0 0 1.000000 1.000000 1.000000 1.000000 1.000000 1.000000 0.0 0 
0.000000
 1 17 17 p_collective_friends collective_ally 256 0 0 26 0 0 0 0 0 1.000000 1.000000 1.000000 1.000000 1.000000 1.000000 0.0 0 
0.000000
 1 18 18 p_town_minas_tirith Minas_Tirith 4220072 0 0 3 0 0 0 0 0 -47.470000 24.280000 -47.470000 24.280000 -47.470000 24.280000 0.0 0 
3.577925
 1 19 19 p_town_pelargir Pelargir 4220065 0 0 3 0 0 0 0 0 -41.310000 61.000000 -41.310000 61.000000 -41.310000 61.000000 0.0 0 
4.188790
 1 20 20 p_town_linhir Linhir 4220065 0 0 3 0 0 0 0 0 -0.830000 59.130000 -0.830000 59.130000 -0.830000 59.130000 0.0 0 
2.967060
 1 21 21 p_town_dol_amroth Dol_Amroth 4220059 0 0 3 0 0 0 0 0 46.600000 64.600000 46.600000 64.600000 46.600000 64.600000 0.0 0 
4.886922
 1 22 22 p_town_edhellond Edhellond 4220065 0 0 3 0 0 0 0 0 37.660000 46.140000 37.660000 46.140000 37.660000 46.140000 0.0 0 
2.967060
 1 23 23 p_town_lossarnach Lossarnach 4220055 0 0 3 0 0 0 0 0 -39.850000 37.000000 -39.850000 37.000000 -39.850000 37.000000 0.0 0 
2.967060
 1 24 24 p_town_tarnost Tarnost 4220055 0 0 3 0 0 0 0 0 15.310000 63.940000 15.310000 63.940000 15.310000 63.940000 0.0 0 
2.967060
 1 25 25 p_town_erech Erech 4220055 0 0 3 0 0 0 0 0 28.170000 9.340000 28.170000 9.340000 28.170000 9.340000 0.0 0 
2.967060
 1 26 26 p_town_pinnath_gelin Pinnath_Gelin 4220065 0 0 3 0 0 0 0 0 50.820000 30.820000 50.820000 30.820000 50.820000 30.820000 0.0 0 
2.967060
 1 27 27 p_town_west_osgiliath West_Osgiliath 4220062 0 0 3 0 0 0 0 0 -58.190000 20.500000 -58.190000 20.500000 -58.190000 20.500000 0.0 0 
0.000000
 1 28 28 p_town_henneth_annun Henneth_Annun 4195494 0 0 3 0 0 0 0 0 -63.810000 -14.050000 -63.810000 -14.050000 -63.810000 -14.050000 0.0 0 
2.967060
 1 29 29 p_town_cair_andros Cair_Andros 4220054 0 0 3 0 0 0 0 0 -56.480000 3.550000 -56.480000 3.550000 -56.480000 3.550000 0.0 0 
2.967060
 1 30 30 p_town_calembel Calembel 4220065 0 0 3 0 0 0 0 0 -2.160000 30.860000 -2.160000 30.860000 -2.160000 30.860000 0.0 0 
0.872665
 1 31 31 p_town_edoras Edoras 4220063 0 0 5 0 0 0 0 0 22.800000 -14.700000 22.800000 -14.700000 22.800000 -14.700000 0.0 0 
3.752458
 1 32 32 p_town_aldburg Aldburg 4220080 0 0 5 0 0 0 0 0 7.900000 -8.300000 7.900000 -8.300000 7.900000 -8.300000 0.0 0 
2.967060
 1 33 33 p_town_hornburg Hornburg 4220069 0 0 5 0 0 0 0 0 40.200000 -11.900000 40.200000 -11.900000 40.200000 -11.900000 0.0 0 
3.316126
 1 34 34 p_town_east_emnet East_Emnet 4220080 0 0 5 0 0 0 0 0 -2.900000 -27.600000 -2.900000 -27.600000 -2.900000 -27.600000 0.0 0 
2.967060
 1 35 35 p_town_westfold Westfold 4220080 0 0 5 0 0 0 0 0 41.500000 -29.300000 41.500000 -29.300000 41.500000 -29.300000 0.0 0 
4.537856
 1 36 36 p_town_west_emnet West_Emnet 4220080 0 0 5 0 0 0 0 0 22.100000 -40.100000 22.100000 -40.100000 22.100000 -40.100000 0.0 0 
4.363323
 1 37 37 p_town_eastfold Eastfold 4220080 0 0 5 0 0 0 0 0 -19.200000 -0.520000 -19.200000 -0.520000 -19.200000 -0.520000 0.0 0 
2.967060
 1 38 38 p_town_morannon Morannon 4220074 0 0 6 0 0 0 0 0 -78.900000 -34.200000 -78.900000 -34.200000 -78.900000 -34.200000 0.0 0 
2.967060
 1 39 39 p_town_minas_morgul Minas_Morgul 4220073 0 0 6 0 0 0 0 0 -72.300000 23.800000 -72.300000 23.800000 -72.300000 23.800000 0.0 0 
2.967060
 1 40 40 p_town_cirith_ungol Orc_Patrol_Camp 4220079 0 0 6 0 0 0 0 0 -50.100000 -45.300000 -50.100000 -45.300000 -50.100000 -45.300000 0.0 0 
2.967060
 1 41 41 p_town_east_osgiliath East_Osgiliath 4220061 0 0 6 0 0 0 0 0 -62.200000 20.600000 -62.200000 20.600000 -62.200000 20.600000 0.0 0 
0.000000
 1 42 42 p_town_orc_sentry_camp Orc_Sentry_Camp 4220079 0 0 6 0 0 0 0 0 -56.400000 30.400000 -56.400000 30.400000 -56.400000 30.400000 0.0 0 
2.967060
 1 43 43 p_town_isengard Isengard 4220071 0 0 7 0 0 0 0 0 52.800000 -57.700000 52.800000 -57.700000 52.800000 -57.700000 0.0 0 
2.967060
 1 44 44 p_town_urukhai_outpost Uruk_Hai_Outpost 4220079 0 0 7 0 0 0 0 0 23.700000 -52.400000 23.700000 -52.400000 23.700000 -52.400000 0.0 0 
2.967060
 1 45 45 p_town_urukhai_h_camp Uruk_Hai_Hunting_camp 4220079 0 0 7 0 0 0 0 0 16.800000 -78.700000 16.800000 -78.700000 16.800000 -78.700000 0.0 0 
2.967060
 1 46 46 p_town_urukhai_r_camp Uruk_Hai_River_camp 4220079 0 0 7 0 0 0 0 0 5.900000 -54.900000 5.900000 -54.900000 5.900000 -54.900000 0.0 0 
2.967060
 1 47 47 p_town_caras_galadhon Caras_Galadhon 4220066 0 0 8 0 0 0 0 0 -5.700000 -131.300000 -5.700000 -131.300000 -5.700000 -131.300000 0.0 0 
6.108652
 1 48 48 p_town_cerin_dolen Cerin_Dolen 4220082 0 0 8 0 0 0 0 0 20.200000 -135.700000 20.200000 -135.700000 20.200000 -135.700000 0.0 0 
2.967060
 1 49 49 p_town_cerin_amroth Cerin_Amroth 4220082 0 0 8 0 0 0 0 0 5.700000 -134.300000 5.700000 -134.300000 5.700000 -134.300000 0.0 0 
2.967060
 1 50 50 p_town_thranduils_halls Thranduil's_Halls 4220152 0 0 10 0 0 0 0 0 -30.800000 -223.000000 -30.800000 -223.000000 -30.800000 -223.000000 0.0 0 
2.967060
 1 51 51 p_town_woodelf_camp Woodelf_Camp 4220082 0 0 10 0 0 0 0 0 -42.300000 -155.100000 -42.300000 -155.100000 -42.300000 -155.100000 0.0 0 
2.967060
 1 52 52 p_town_woodelf_west_camp Woodelf_West_Camp 4220082 0 0 10 0 0 0 0 0 -6.200000 -215.400000 -6.200000 -215.400000 -6.200000 -215.400000 0.0 0 
2.967060
 1 53 53 p_town_woodsmen_village Woodsmen_Village 4220043 0 0 20 0 0 0 0 0 -35.400000 -175.100000 -35.400000 -175.100000 -35.400000 -175.100000 0.0 0 
2.967060
 1 54 54 p_town_beorning_village Beorning_Village 4220081 0 0 20 0 0 0 0 0 -4.400000 -184.700000 -4.400000 -184.700000 -4.400000 -184.700000 0.0 0 
2.967060
 1 55 55 p_town_beorn_house Beorn's_House 4220081 0 0 20 0 0 0 0 0 -19.700000 -194.000000 -19.700000 -194.000000 -19.700000 -194.000000 0.0 0 
2.967060
 1 56 56 p_town_moria Moria 4220075 0 0 16 0 0 0 0 0 55.330000 -150.700000 55.330000 -150.700000 55.330000 -150.700000 0.0 0 
3.490658
 1 57 57 p_town_troll_cave Troll_Cave 4220079 0 0 16 0 0 0 0 0 49.600000 -120.000000 49.600000 -120.000000 49.600000 -120.000000 0.0 0 
2.967060
 1 58 58 p_town_dale Dale 4220042 0 0 11 0 0 0 0 0 -61.100000 -223.900000 -61.100000 -223.900000 -61.100000 -223.900000 0.0 0 
2.967060
 1 59 59 p_town_esgaroth Esgaroth 4220153 0 0 11 0 0 0 0 0 -61.890000 -216.830000 -61.890000 -216.830000 -61.890000 -216.830000 0.0 0 
2.617994
 1 60 60 p_town_dunland_camp Dunlander_Camp 4220078 0 0 19 0 0 0 0 0 49.900000 -48.500000 49.900000 -48.500000 49.900000 -48.500000 0.0 0 
6.108652
 1 61 61 p_town_harad_camp Haradrim_Camp 4220068 0 0 12 0 0 0 0 0 -55.900000 67.700000 -55.900000 67.700000 -55.900000 67.700000 0.0 0 
2.967060
 1 62 62 p_town_khand_camp Khand_Camp 4220077 0 0 14 0 0 0 0 0 -74.200000 -44.900000 -74.200000 -44.900000 -74.200000 -44.900000 0.0 0 
2.967060
 1 63 63 p_town_umbar_camp Corsair_Camp 4220058 0 0 15 0 0 0 0 0 -4.030000 70.330000 -4.030000 70.330000 -4.030000 70.330000 0.0 0 
2.251475
 1 64 64 p_town_imladris_camp Rivendell_Camp 4220044 0 0 9 0 0 0 0 0 21.500000 -145.100000 21.500000 -145.100000 21.500000 -145.100000 0.0 0 
2.967060
 1 65 65 p_town_dol_guldur Dol_Guldur 4220060 0 0 17 0 0 0 0 0 -41.300000 -131.100000 -41.300000 -131.100000 -41.300000 -131.100000 0.0 0 
2.967060
 1 66 66 p_town_dol_guldur_north_outpost Dol_Guldur_North_Outpost 4220079 0 0 17 0 0 0 0 0 -46.600000 -188.000000 -46.600000 -188.000000 -46.600000 -188.000000 0.0 0 
2.967060
 1 67 67 p_town_north_rhun_camp Northern_Rhun_Camp 4220077 0 0 13 0 0 0 0 0 -71.200000 -223.100000 -71.200000 -223.100000 -71.200000 -223.100000 0.0 0 
2.967060
 1 68 68 p_town_rhun_south_camp Rhun_Southern_Outpost 4220077 0 0 13 0 0 0 0 0 -73.020000 -189.900000 -73.020000 -189.900000 -73.020000 -189.900000 0.0 0 
2.967060
 1 69 69 p_town_rhun_north_camp Rhun_Northern_Outpost 4220077 0 0 13 0 0 0 0 0 -68.630000 -236.870000 -68.630000 -236.870000 -68.630000 -236.870000 0.0 0 
2.967060
 1 70 70 p_town_gundabad Gundabad 4220075 0 0 18 0 0 0 0 0 35.700000 -241.500000 35.700000 -241.500000 35.700000 -241.500000 0.0 0 
2.879793
 1 71 71 p_town_gundabad_ne_outpost Gundabad_NE_Outpost 4220079 0 0 18 0 0 0 0 0 -25.100000 -246.100000 -25.100000 -246.100000 -25.100000 -246.100000 0.0 0 
2.094395
 1 72 72 p_town_gundabad_nw_outpost Gundabad_NW_Outpost 4220079 0 0 18 0 0 0 0 0 -4.200000 -243.600000 -4.200000 -243.600000 -4.200000 -243.600000 0.0 0 
4.712389
 1 73 73 p_town_goblin_north_outpost Goblin_Northern_Outpost 4220079 0 0 18 0 0 0 0 0 22.100000 -211.200000 22.100000 -211.200000 22.100000 -211.200000 0.0 0 
0.174533
 1 74 74 p_town_goblin_south_outpost Goblin_Southern_Outpost 4220079 0 0 18 0 0 0 0 0 18.900000 -194.800000 18.900000 -194.800000 18.900000 -194.800000 0.0 0 
2.443461
 1 75 75 p_town_gundabad_m_outpost Gundabad_Mirkwood_Outpost 4220079 0 0 18 0 0 0 0 0 -13.900000 -224.000000 -13.900000 -224.000000 -13.900000 -224.000000 0.0 0 
2.967060
 1 76 76 p_town_erebor Erebor 4220075 0 0 4 0 0 0 0 0 -59.600000 -226.400000 -59.600000 -226.400000 -59.600000 -226.400000 0.0 0 
2.268928
 1 77 77 p_town_ironhill_camp Iron_Hills_Quarry 4220044 0 0 4 0 0 0 0 0 -49.600000 -239.900000 -49.600000 -239.900000 -49.600000 -239.900000 0.0 0 
2.967060
 1 78 78 p_advcamp_gondor Gondor_Advance_Camp 4220300 0 0 3 0 0 0 0 0 0.000000 0.000000 0.000000 0.000000 0.000000 0.000000 0.0 0 
2.967060
 1 79 79 p_advcamp_rohan Rohan_Advance_Camp 4220300 0 0 5 0 0 0 0 0 0.000000 0.000000 0.000000 0.000000 0.000000 0.000000 0.0 0 
2.967060
 1 80 80 p_advcamp_isengard Isengard_Advance_Camp 4220335 0 0 7 0 0 0 0 0 0.000000 0.000000 0.000000 0.000000 0.000000 0.000000 0.0 0 
2.967060
 1 81 81 p_advcamp_mordor Mordor_Advance_Camp 4220335 0 0 6 0 0 0 0 0 0.000000 0.000000 0.000000 0.000000 0.000000 0.000000 0.0 0 
2.967060
 1 82 82 p_advcamp_harad Harad_Advance_Camp 4220324 0 0 12 0 0 0 0 0 0.000000 0.000000 0.000000 0.000000 0.000000 0.000000 0.0 0 
2.967060
 1 83 83 p_advcamp_rhun Rhun_Advance_Camp 4220333 0 0 13 0 0 0 0 0 0.000000 0.000000 0.000000 0.000000 0.000000 0.000000 0.0 0 
2.967060
 1 84 84 p_advcamp_khand Khand_Advance_Camp 4220333 0 0 14 0 0 0 0 0 0.000000 0.000000 0.000000 0.000000 0.000000 0.000000 0.0 0 
2.967060
 1 85 85 p_advcamp_umbar Umbar_Advance_Camp 4220300 0 0 15 0 0 0 0 0 0.000000 0.000000 0.000000 0.000000 0.000000 0.000000 0.0 0 
3.054326
 1 86 86 p_advcamp_lorien Lorien_Advance_Camp 4220300 0 0 8 0 0 0 0 0 0.000000 0.000000 0.000000 0.000000 0.000000 0.000000 0.0 0 
2.967060
 1 87 87 p_advcamp_imladris Imladris_Advance_Camp 4220300 0 0 9 0 0 0 0 0 0.000000 0.000000 0.000000 0.000000 0.000000 0.000000 0.0 0 
2.967060
 1 88 88 p_advcamp_woodelf Mirkwood_Advance_Camp 4220300 0 0 10 0 0 0 0 0 0.000000 0.000000 0.000000 0.000000 0.000000 0.000000 0.0 0 
2.967060
 1 89 89 p_advcamp_moria Moria_Advance_Camp 4220335 0 0 16 0 0 0 0 0 0.000000 0.000000 0.000000 0.000000 0.000000 0.000000 0.0 0 
2.967060
 1 90 90 p_advcamp_guldur Dol_Guldur_Advance_Camp 4220335 0 0 17 0 0 0 0 0 0.000000 0.000000 0.000000 0.000000 0.000000 0.000000 0.0 0 
2.967060
 1 91 91 p_advcamp_gundabad Gundabad_Advance_Camp 4220335 0 0 18 0 0 0 0 0 0.000000 0.000000 0.000000 0.000000 0.000000 0.000000 0.0 0 
2.967060
 1 92 92 p_advcamp_dale Dale_Advance_Camp 4220300 0 0 11 0 0 0 0 0 0.000000 0.000000 0.000000 0.000000 0.000000 0.000000 0.0 0 
2.967060
 1 93 93 p_advcamp_dwarf Erebor_Advance_Camp 4220300 0 0 4 0 0 0 0 0 0.000000 0.000000 0.000000 0.000000 0.000000 0.000000 0.0 0 
2.967060
 1 94 94 p_advcamp_dunland Dunland_Advance_Camp 4220333 0 0 19 0 0 0 0 0 0.000000 0.000000 0.000000 0.000000 0.000000 0.000000 0.0 0 
2.967060
 1 95 95 p_advcamp_beorn Beorning_Advance_Camp 4220300 0 0 20 0 0 0 0 0 0.000000 0.000000 0.000000 0.000000 0.000000 0.000000 0.0 0 
2.967060
 1 96 96 p_centers_end _ 256 0 0 1 0 0 0 0 0 0.000000 0.000000 0.000000 0.000000 0.000000 0.000000 0.0 0 
0.000000
 1 97 97 p_argonath argonath 541842 0 0 26 0 0 0 0 0 -34.883472 -51.047958 -34.883472 -51.047958 -34.883472 -51.047958 0.0 0 
3.141593
 1 98 98 p_argonath2 argonath 541842 0 0 26 0 0 0 0 0 -36.795536 -51.047958 -36.795536 -51.047958 -36.795536 -51.047958 0.0 0 
3.141593
 1 99 99 p_hand_isen hand_isen 541859 0 0 26 0 0 0 0 0 51.886200 -52.610794 51.886200 -52.610794 51.886200 -52.610794 0.0 0 
3.228859
 1 100 100 p_mount_doom Mount_Doom 541845 0 0 26 0 0 0 0 0 -109.411041 1.567230 -109.411041 1.567230 -109.411041 1.567230 0.0 0 
2.967060
 1 101 101 p_town_barad_dur Barad_Dur 17555 0 0 6 0 0 0 0 0 -100.048325 -3.573029 -100.048325 -3.573029 -100.048325 -3.573029 0.0 0 
2.967060
 1 102 102 p_test_scene test_scene 2114955 0 0 26 0 0 0 0 0 4.077255 -12.735809 4.077255 -12.735809 4.077255 -12.735809 0.0 0 
0.000000
 1 103 103 p_battlefields battlefields 2114955 0 0 26 0 0 0 0 0 4.255280 -10.009171 4.255280 -10.009171 4.255280 -10.009171 0.0 0 
0.000000
 1 104 104 p_legend_amonhen Amon_Hen 2114961 0 6 26 0 0 0 0 0 -31.800000 -47.710000 -31.800000 -47.710000 -31.800000 -47.710000 0.0 0 
3.141593
 1 105 105 p_legend_deadmarshes Dead_Marshes 2114995 0 6 26 0 0 0 0 0 -58.100000 -36.430000 -58.100000 -36.430000 -58.100000 -36.430000 0.0 0 
3.141593
 1 106 106 p_legend_mirkwood Mirkwood_Forest 2114996 0 6 26 0 0 0 0 0 -40.040000 -144.540000 -40.040000 -144.540000 -40.040000 -144.540000 0.0 0 
3.141593
 1 107 107 p_legend_fangorn Fangorn_Entmoot 2114996 0 6 26 0 0 0 0 0 35.240000 -84.190000 35.240000 -84.190000 35.240000 -84.190000 0.0 0 
3.141593
 1 108 108 p_theater_se_center SE_Theater_center 2098571 0 0 26 0 0 0 0 0 -53.000000 21.000000 -53.000000 21.000000 -53.000000 21.000000 0.0 0 
0.000000
 1 109 109 p_theater_sw_center SW_Theater_center 2098571 0 0 26 0 0 0 0 0 -2.000000 -43.000000 -2.000000 -43.000000 -2.000000 -43.000000 0.0 0 
0.000000
 1 110 110 p_theater_c_center C_Theater_center 2098571 0 0 26 0 0 0 0 0 5.700000 -134.300000 5.700000 -134.300000 5.700000 -134.300000 0.0 0 
0.000000
 1 111 111 p_theater_n_center N_Theater_center 2098571 0 0 26 0 0 0 0 0 -19.000000 -181.000000 -19.000000 -181.000000 -19.000000 -181.000000 0.0 0 
0.000000
 1 112 112 p_fangorn_center Fangorn_Center 2098571 0 0 26 0 0 0 0 0 35.240000 -84.190000 35.240000 -84.190000 35.240000 -84.190000 0.0 0 
0.000000
 1 113 113 p_looter_spawn_point looter_sp 1280 0 0 2 0 0 0 0 0 29.273674 79.890099 29.273674 79.890099 29.273674 79.890099 0.0 1 436 15 0 0 
0.000000
 1 114 114 p_steppe_bandit_spawn_point steppe_bandit_sp 1280 0 0 2 0 0 0 0 0 27.303375 -60.205627 27.303375 -60.205627 27.303375 -60.205627 0.0 1 436 15 0 0 
0.000000
 1 115 115 p_steppe_bandit_spawn_point_2 steppe_bandit_sp_2 1280 0 0 2 0 0 0 0 0 28.190000 -30.900000 28.190000 -30.900000 28.190000 -30.900000 0.0 1 436 15 0 0 
0.000000
 1 116 116 p_forest_bandit_spawn_point forest_bandit_sp 1280 0 0 2 0 0 0 0 0 -37.252506 6.916382 -37.252506 6.916382 -37.252506 6.916382 0.0 1 436 15 0 0 
0.000000
 1 117 117 p_forest_bandit_spawn_point_2 forest_bandit_sp_2 1280 0 0 2 0 0 0 0 0 -65.330000 43.300000 -65.330000 43.300000 -65.330000 43.300000 0.0 1 436 15 0 0 
0.000000
 1 118 118 p_forest_bandit_spawn_point_3 forest_bandit_sp_3 1280 0 0 2 0 0 0 0 0 -52.100000 -28.620000 -52.100000 -28.620000 -52.100000 -28.620000 0.0 1 436 15 0 0 
0.000000
 1 119 119 p_forest_bandit_spawn_point_4 forest_bandit_sp_4 1280 0 0 2 0 0 0 0 0 -25.940000 -117.040000 -25.940000 -117.040000 -25.940000 -117.040000 0.0 1 436 15 0 0 
0.000000
 1 120 120 p_forest_bandit_spawn_point_5 forest_bandit_sp_5 1280 0 0 2 0 0 0 0 0 -59.650000 -173.310000 -59.650000 -173.310000 -59.650000 -173.310000 0.0 1 436 15 0 0 
0.000000
 1 121 121 p_mountain_bandit_spawn_point mountain_bandit_sp 1280 0 0 2 0 0 0 0 0 39.789207 26.066040 39.789207 26.066040 39.789207 26.066040 0.0 1 436 15 0 0 
0.000000
 1 122 122 p_mountain_bandit_spawn_point_2 mountain_bandit_sp_2 1280 0 0 2 0 0 0 0 0 -21.540000 34.500000 -21.540000 34.500000 -21.540000 34.500000 0.0 1 436 15 0 0 
0.000000
 1 123 123 p_mountain_bandit_spawn_point_3 mountain_bandit_sp_3 1280 0 0 2 0 0 0 0 0 40.430000 -130.920000 40.430000 -130.920000 40.430000 -130.920000 0.0 1 436 15 0 0 
0.000000
 1 124 124 p_mountain_bandit_spawn_point_4 mountain_bandit_sp_4 1280 0 0 2 0 0 0 0 0 17.530000 -175.760000 17.530000 -175.760000 17.530000 -175.760000 0.0 1 436 15 0 0 
0.000000
 1 125 125 p_mountain_bandit_spawn_point_5 mountain_bandit_sp_5 1280 0 0 2 0 0 0 0 0 -15.060000 -237.270000 -15.060000 -237.270000 -15.060000 -237.270000 0.0 1 436 15 0 0 
0.000000
 1 126 126 p_sea_raider_spawn_point_1 sea_raider_sp 1280 0 0 2 0 0 0 0 0 -3.000000 66.700000 -3.000000 66.700000 -3.000000 66.700000 0.0 1 436 15 0 0 
0.000000
 1 127 127 p_sea_raider_spawn_point_2 sea_raider_sp 1280 0 0 2 0 0 0 0 0 48.600000 48.600000 48.600000 48.600000 48.600000 48.600000 0.0 1 436 15 0 0 
0.000000
 1 128 128 p_gondor_test gondor_test_sp 1280 0 0 2 0 0 0 0 0 -7.509827 -5.265762 -7.509827 -5.265762 -7.509827 -5.265762 0.0 1 436 15 0 0 
0.000000
 1 129 129 p_mordor_test mordor_test_sp 1280 0 0 2 0 0 0 0 0 -7.312775 -4.991470 -7.312775 -4.991470 -7.312775 -4.991470 0.0 1 436 15 0 0 
0.000000
 1 130 130 p_gondor_allies_test gondor_allies_test_sp 1280 0 0 2 0 0 0 0 0 -7.500393 -5.082901 -7.500393 -5.082901 -7.500393 -5.082901 0.0 1 436 15 0 0 
0.000000
 1 131 131 p_isengard_test isengard_test_sp 1280 0 0 2 0 0 0 0 0 -7.317505 -5.082901 -7.317505 -5.082901 -7.317505 -5.082901 0.0 1 436 15 0 0 
0.000000
 1 132 132 p_isen_rohan isen_rohan_sp 1280 0 0 2 0 0 0 0 0 34.842987 -27.865891 34.842987 -27.865891 34.842987 -27.865891 0.0 1 436 15 0 0 
0.000000
 1 133 133 p_mordor_gondor mordor_gondor_sp 1280 0 0 2 0 0 0 0 0 30.825653 -23.388062 30.825653 -23.388062 30.825653 -23.388062 0.0 1 436 15 0 0 
0.000000
 1 134 134 p_harad_gondor harad_gondor_sp 1280 0 0 2 0 0 0 0 0 37.227943 -30.542084 37.227943 -30.542084 37.227943 -30.542084 0.0 1 436 15 0 0 
0.000000
 1 135 135 p_corsair_gondor corsair_gondor_sp 1280 0 0 2 0 0 0 0 0 -7.312775 -4.991470 -7.312775 -4.991470 -7.312775 -4.991470 0.0 1 436 15 0 0 
0.000000
 1 136 136 p_rhun_gondor rhun_gondor_sp 1280 0 0 2 0 0 0 0 0 -7.312775 -4.991470 -7.312775 -4.991470 -7.312775 -4.991470 0.0 1 436 15 0 0 
0.000000
 1 137 137 p_khand_gondor khand_gondor_sp 1280 0 0 2 0 0 0 0 0 -7.312775 -4.991470 -7.312775 -4.991470 -7.312775 -4.991470 0.0 1 436 15 0 0 
0.000000
 1 138 138 p_lorien_moria lorien_moria_sp 1280 0 0 2 0 0 0 0 0 -7.312775 -4.991470 -7.312775 -4.991470 -7.312775 -4.991470 0.0 1 436 15 0 0 
0.000000
 1 139 139 p_gunda_woodelves gunda_woodelves_sp 1280 0 0 2 0 0 0 0 0 -7.312775 -4.991470 -7.312775 -4.991470 -7.312775 -4.991470 0.0 1 436 15 0 0 
0.000000
 1 140 140 p_gunda_dwarves gunda_dwarves_sp 1280 0 0 2 0 0 0 0 0 -7.312775 -4.991470 -7.312775 -4.991470 -7.312775 -4.991470 0.0 1 436 15 0 0 
0.000000
 1 141 141 p_spawn_points_end last_spawn_point 1280 0 0 1 0 0 0 0 0 -7.746731 1.880096 -7.746731 1.880096 -7.746731 1.880096 0.0 1 436 15 0 0 
0.000000
 1 142 142 p_pointer_player _ 2621696 0 0 26 0 0 0 0 0 0.314220 -10.163879 0.314220 -10.163879 0.314220 -10.163879 0.0 0 
0.000000
 1 143 143 p_pointer_z_0_begin _ 525568 0 0 26 0 0 0 0 0 -214.300000 122.400000 -214.300000 122.400000 -214.300000 122.400000 0.0 0 
0.000000
 1 144 144 p_pointer_z_0_mountain _ 525568 0 0 26 0 0 0 0 0 -214.300000 122.400000 -214.300000 122.400000 -214.300000 122.400000 0.0 0 
0.000000
 1 145 145 p_pointer_z_0_steppe _ 525568 0 0 26 0 0 0 0 0 -214.300000 122.400000 -214.300000 122.400000 -214.300000 122.400000 0.0 0 
0.000000
 1 146 146 p_pointer_z_0_plain _ 525568 0 0 26 0 0 0 0 0 -214.300000 103.300000 -214.300000 103.300000 -214.300000 103.300000 0.0 0 
0.000000
 1 147 147 p_pointer_z_0_snow _ 525568 0 0 26 0 0 0 0 0 -214.300000 89.500000 -214.300000 89.500000 -214.300000 89.500000 0.0 0 
0.000000
 1 148 148 p_pointer_z_0_desert _ 525568 0 0 26 0 0 0 0 0 -214.300000 74.100000 -214.300000 74.100000 -214.300000 74.100000 0.0 0 
0.000000
 1 149 149 p_pointer_z_0_steppe_forest _ 525568 0 0 26 0 0 0 0 0 -219.500000 112.400000 -219.500000 112.400000 -219.500000 112.400000 0.0 0 
0.000000
 1 150 150 p_pointer_z_0_plain_forest _ 525568 0 0 26 0 0 0 0 0 -219.500000 96.400000 -219.500000 96.400000 -219.500000 96.400000 0.0 0 
0.000000
 1 151 151 p_pointer_z_0_snow_forest _ 525568 0 0 26 0 0 0 0 0 -219.500000 81.100000 -219.500000 81.100000 -219.500000 81.100000 0.0 0 
0.000000
 1 152 152 p_pointer_z_0_desert_forest _ 525568 0 0 26 0 0 0 0 0 -219.500000 64.900000 -219.500000 64.900000 -219.500000 64.900000 0.0 0 
0.000000
 1 153 153 p_ford_cair_andros1 _ 541880 0 0 26 0 0 0 0 0 -56.690000 1.670000 -56.690000 1.670000 -56.690000 1.670000 0.0 0 
1.570796
 1 154 154 p_ford_cair_andros2 _ 541880 0 0 26 0 0 0 0 0 -55.360000 5.320000 -55.360000 5.320000 -55.360000 5.320000 0.0 0 
2.967060
 1 155 155 p_ford_caras_galadhon _ 541880 0 0 26 0 0 0 0 0 -11.260000 -129.550000 -11.260000 -129.550000 -11.260000 -129.550000 0.0 0 
3.839724
 1 156 156 p_ford_brown_lands _ 541880 0 0 26 0 0 0 0 0 -18.700000 -109.760000 -18.700000 -109.760000 -18.700000 -109.760000 0.0 0 
0.523599
 1 157 157 p_ford_rauros _ 541880 0 0 26 0 0 0 0 0 -35.270000 -32.950000 -35.270000 -32.950000 -35.270000 -32.950000 0.0 0 
2.530727
 1 158 158 p_ford_pelargir _ 541880 0 0 26 0 0 0 0 0 -41.910000 64.370000 -41.910000 64.370000 -41.910000 64.370000 0.0 0 
2.530727
 1 159 159 p_ford_edhellond _ 541880 0 0 26 0 0 0 0 0 36.590000 48.240000 36.590000 48.240000 36.590000 48.240000 0.0 0 
2.530727
 1 160 160 p_ford_cerin_dolen _ 541880 0 0 26 0 0 0 0 0 21.460000 -130.720000 21.460000 -130.720000 21.460000 -130.720000 0.0 0 
3.839724
 1 161 161 p_ford_erech _ 541880 0 0 26 0 0 0 0 0 0.740000 31.750000 0.740000 31.750000 0.740000 31.750000 0.0 0 
2.530727
 1 162 162 p_ford_isen1 _ 541880 0 0 26 0 0 0 0 0 49.350000 -43.600000 49.350000 -43.600000 49.350000 -43.600000 0.0 0 
2.530727
 1 163 163 p_ford_isen2 _ 541880 0 0 26 0 0 0 0 0 47.730000 -47.210000 47.730000 -47.210000 47.730000 -47.210000 0.0 0 
2.530727
 1 164 164 p_ford_rohan _ 541880 0 0 26 0 0 0 0 0 7.700000 -53.440000 7.700000 -53.440000 7.700000 -53.440000 0.0 0 
2.530727
 1 165 165 p_ford_rohan2 _ 541880 0 0 26 0 0 0 0 0 -6.660000 -12.310000 -6.660000 -12.310000 -6.660000 -12.310000 0.0 0 
2.530727
 1 166 166 p_ford_fangorn _ 541880 0 0 26 0 0 0 0 0 27.890000 -66.350000 27.890000 -66.350000 27.890000 -66.350000 0.0 0 
2.530727
 1 167 167 p_ford_fangorn2 _ 541880 0 0 26 0 0 0 0 0 19.600000 -96.000000 19.600000 -96.000000 19.600000 -96.000000 0.0 0 
2.530727
 1 168 168 p_ford_moria _ 541880 0 0 26 0 0 0 0 0 37.500000 -142.130000 37.500000 -142.130000 37.500000 -142.130000 0.0 0 
2.530727
 1 169 169 p_ford_moria2 _ 541880 0 0 26 0 0 0 0 0 0.460000 -189.360000 0.460000 -189.360000 0.460000 -189.360000 0.0 0 
2.530727
 1 170 170 p_camplace_n1 _ 525568 0 0 26 0 0 0 0 0 -19.800000 -170.000000 -19.800000 -170.000000 -19.800000 -170.000000 0.0 0 
0.000000
 1 171 171 p_camplace_n2 _ 525568 0 0 26 0 0 0 0 0 -24.000000 -176.000000 -24.000000 -176.000000 -24.000000 -176.000000 0.0 0 
0.000000
 1 172 172 p_camplace_n3 _ 525568 0 0 26 0 0 0 0 0 -18.000000 -165.000000 -18.000000 -165.000000 -18.000000 -165.000000 0.0 0 
0.000000
 1 173 173 p_camplace_n4 _ 525568 0 0 26 0 0 0 0 0 -7.700000 -166.000000 -7.700000 -166.000000 -7.700000 -166.000000 0.0 0 
0.000000
 1 174 174 p_camplace_n5 _ 525568 0 0 26 0 0 0 0 0 -8.000000 -171.000000 -8.000000 -171.000000 -8.000000 -171.000000 0.0 0 
0.000000
 1 175 175 p_camplace_m1 _ 525568 0 0 26 0 0 0 0 0 5.200000 -76.100000 5.200000 -76.100000 5.200000 -76.100000 0.0 0 
0.000000
 1 176 176 p_camplace_m2 _ 525568 0 0 26 0 0 0 0 0 6.100000 -95.000000 6.100000 -95.000000 6.100000 -95.000000 0.0 0 
0.000000
 1 177 177 p_camplace_m3 _ 525568 0 0 26 0 0 0 0 0 -1.700000 -72.000000 -1.700000 -72.000000 -1.700000 -72.000000 0.0 0 
0.000000
 1 178 178 p_camplace_m4 _ 525568 0 0 26 0 0 0 0 0 -6.100000 -60.000000 -6.100000 -60.000000 -6.100000 -60.000000 0.0 0 
0.000000
 1 179 179 p_camplace_m5 _ 525568 0 0 26 0 0 0 0 0 13.600000 -93.000000 13.600000 -93.000000 13.600000 -93.000000 0.0 0 
0.000000
 1 180 180 p_camplace_s1 _ 525568 0 0 26 0 0 0 0 0 -44.600000 6.500000 -44.600000 6.500000 -44.600000 6.500000 0.0 0 
0.000000
 1 181 181 p_camplace_s2 _ 525568 0 0 26 0 0 0 0 0 -36.560000 0.750000 -36.560000 0.750000 -36.560000 0.750000 0.0 0 
0.000000
 1 182 182 p_camplace_s3 _ 525568 0 0 26 0 0 0 0 0 -44.410000 0.880000 -44.410000 0.880000 -44.410000 0.880000 0.0 0 
0.000000
 1 183 183 p_camplace_s4 _ 525568 0 0 26 0 0 0 0 0 -42.700000 9.200000 -42.700000 9.200000 -42.700000 9.200000 0.0 0 
0.000000
 1 184 184 p_camplace_s5 _ 525568 0 0 26 0 0 0 0 0 -29.840000 3.320000 -29.840000 3.320000 -29.840000 3.320000 0.0 0 
0.000000
 1 185 185 p_ancient_ruins Ancient_Ruins 2114961 0 0 17 0 0 0 0 0 -35.000000 -125.000000 -35.000000 -125.000000 -35.000000 -125.000000 0.0 0 
2.967060
 1 186 186 p_shrubbery1 _ 541950 0 0 26 0 0 0 0 0 -40.000000 -175.000000 -40.000000 -175.000000 -40.000000 -175.000000 0.0 0 
3.228859
 1 187 187 p_shrubbery2 _ 541950 0 0 26 0 0 0 0 0 -51.500000 -132.500000 -51.500000 -132.500000 -51.500000 -132.500000 0.0 0 
3.228859
 1 188 188 p_shrubbery3 _ 541950 0 0 26 0 0 0 0 0 -55.600000 -128.100000 -55.600000 -128.100000 -55.600000 -128.100000 0.0 0 
3.228859
 1 189 189 p_shrubbery4 _ 541950 0 0 26 0 0 0 0 0 -47.540000 -136.200000 -47.540000 -136.200000 -47.540000 -136.200000 0.0 0 
3.228859
 1 190 190 p_shrubbery5 _ 541950 0 0 26 0 0 0 0 0 -45.750000 -141.800000 -45.750000 -141.800000 -45.750000 -141.800000 0.0 0 
3.228859
 1 191 191 p_shrubbery6 _ 541950 0 0 26 0 0 0 0 0 -48.400000 -149.050000 -48.400000 -149.050000 -48.400000 -149.050000 0.0 0 
2.356194
 1 192 192 p_shrubbery7 _ 541950 0 0 26 0 0 0 0 0 -52.140000 -154.450000 -52.140000 -154.450000 -52.140000 -154.450000 0.0 0 
3.403392
 1 193 193 p_shrubbery8 _ 541950 0 0 26 0 0 0 0 0 -55.520000 -159.830000 -55.520000 -159.830000 -55.520000 -159.830000 0.0 0 
3.403392
 1 194 194 p_save1 _ 525568 0 0 26 0 0 0 0 0 0.000000 0.000000 0.000000 0.000000 0.000000 0.000000 0.0 0 
0.000000
 1 195 195 p_save2 _ 525568 0 0 26 0 0 0 0 0 0.000000 0.000000 0.000000 0.000000 0.000000 0.000000 0.0 0 
0.000000
 1 196 196 p_save3 _ 525568 0 0 26 0 0 0 0 0 0.000000 0.000000 0.000000 0.000000 0.000000 0.000000 0.0 0 
0.000000
 1 197 197 p_save4 _ 525568 0 0 26 0 0 0 0 0 0.000000 0.000000 0.000000 0.000000 0.000000 0.000000 0.0 0 
0.000000
 1 198 198 p_save5 _ 525568 0 0 26 0 0 0 0 0 0.000000 0.000000 0.000000 0.000000 0.000000 0.000000 0.0 0 
0.000000
 1 199 199 p_save6 _ 525568 0 0 26 0 0 0 0 0 0.000000 0.000000 0.000000 0.000000 0.000000 0.000000 0.0 0 
0.000000
 1 200 200 p_save7 _ 525568 0 0 26 0 0 0 0 0 0.000000 0.000000 0.000000 0.000000 0.000000 0.000000 0.0 0 
0.000000
 1 201 201 p_save8 _ 525568 0 0 26 0 0 0 0 0 0.000000 0.000000 0.000000 0.000000 0.000000 0.000000 0.0 0 
0.000000
 1 202 202 p_save9 _ 525568 0 0 26 0 0 0 0 0 0.000000 0.000000 0.000000 0.000000 0.000000 0.000000 0.0 0 
0.000000
 1 203 203 p_save10 _ 525568 0 0 26 0 0 0 0 0 0.000000 0.000000 0.000000 0.000000 0.000000 0.000000 0.0 0 
0.000000
 1 204 204 p_scribble_0 _ 541736 0 0 26 0 0 0 0 0 49.538509 -35.404079 49.538509 -35.404079 49.538509 -35.404079 0.0 0 
-1.804383
 1 205 205 p_scribble_1 _ 541739 0 0 26 0 0 0 0 0 41.489761 -33.844894 41.489761 -33.844894 41.489761 -33.844894 0.0 0 
-1.708783
 1 206 206 p_scribble_2 _ 541696 0 0 26 0 0 0 0 0 33.318329 -33.325195 33.318329 -33.325195 33.318329 -33.325195 0.0 0 
-1.551560
 1 207 207 p_scribble_3 _ 541722 0 0 26 0 0 0 0 0 25.191654 -34.216774 25.191654 -34.216774 25.191654 -34.216774 0.0 0 
-1.372796
 1 208 208 p_scribble_4 _ 541719 0 0 26 0 0 0 0 0 17.309263 -36.457138 17.309263 -36.457138 17.309263 -36.457138 0.0 0 
-1.222058
 1 209 209 p_scribble_5 _ 541697 0 0 26 0 0 0 0 0 -86.413513 21.700567 -86.413513 21.700567 -86.413513 21.700567 0.0 0 
0.137664
 1 210 210 p_scribble_6 _ 541739 0 0 26 0 0 0 0 0 -85.787735 15.417883 -85.787735 15.417883 -85.787735 15.417883 0.0 0 
0.070814
 1 211 211 p_scribble_7 _ 541698 0 0 26 0 0 0 0 0 -85.461357 9.084661 -85.461357 9.084661 -85.461357 9.084661 0.0 0 
0.034243
 1 212 212 p_scribble_8 _ 541699 0 0 26 0 0 0 0 0 -85.341873 2.746859 -85.341873 2.746859 -85.341873 2.746859 0.0 0 
0.003499
 1 213 213 p_scribble_9 _ 541700 0 0 26 0 0 0 0 0 -85.427368 -3.586311 -85.427368 -3.586311 -85.427368 -3.586311 0.0 0 
-0.032468
 1 214 214 p_scribble_10 _ 541736 0 0 26 0 0 0 0 0 -85.809769 -9.901093 -85.809769 -9.901093 -85.809769 -9.901093 0.0 0 
-0.098505
 1 215 215 p_scribble_11 _ 541701 0 0 26 0 0 0 0 0 -5.549779 52.771759 -5.549779 52.771759 -5.549779 52.771759 0.0 0 
-1.869007
 1 216 216 p_scribble_12 _ 541739 0 0 26 0 0 0 0 0 -13.124445 54.180706 -13.124445 54.180706 -13.124445 54.180706 0.0 0 
-1.646839
 1 217 217 p_scribble_13 _ 541719 0 0 26 0 0 0 0 0 -20.836054 54.036041 -20.836054 54.036041 -20.836054 54.036041 0.0 0 
-1.463432
 1 218 218 p_scribble_14 _ 541740 0 0 26 0 0 0 0 0 -28.433065 52.612671 -28.433065 52.612671 -28.433065 52.612671 0.0 0 
-1.312366
 1 219 219 p_scribble_15 _ 541739 0 0 26 0 0 0 0 0 -35.746456 50.157352 -35.746456 50.157352 -35.746456 50.157352 0.0 0 
-1.184441
 1 220 220 p_scribble_16 _ 541736 0 0 26 0 0 0 0 0 -42.723228 46.837154 -42.723228 46.837154 -42.723228 46.837154 0.0 0 
-1.070544
 1 221 221 p_scribble_17 _ 541741 0 0 26 0 0 0 0 0 18.748049 -228.570511 18.748049 -228.570511 18.748049 -228.570511 0.0 0 
-3.165661
 1 222 222 p_scribble_18 _ 541751 0 0 26 0 0 0 0 0 18.490881 -225.418839 18.490881 -225.418839 18.490881 -225.418839 0.0 0 
-2.981875
 1 223 223 p_scribble_19 _ 541742 0 0 26 0 0 0 0 0 17.822033 -222.291824 17.822033 -222.291824 17.822033 -222.291824 0.0 0 
-2.887116
 1 224 224 p_scribble_20 _ 541747 0 0 26 0 0 0 0 0 16.908928 -219.229309 16.908928 -219.229309 16.908928 -219.229309 0.0 0 
-2.818738
 1 225 225 p_scribble_21 _ 541748 0 0 26 0 0 0 0 0 15.801607 -216.235687 15.801607 -216.235687 15.801607 -216.235687 0.0 0 
-2.755386
 1 226 226 p_scribble_22 _ 541751 0 0 26 0 0 0 0 0 14.485785 -213.309677 14.485785 -213.309677 14.485785 -213.309677 0.0 0 
-2.678040
 1 227 227 p_scribble_23 _ 541702 0 0 26 0 0 0 0 0 17.233850 -69.959465 17.233850 -69.959465 17.233850 -69.959465 0.0 0 
-0.213529
 1 228 228 p_scribble_24 _ 541731 0 0 26 0 0 0 0 0 16.574423 -73.619591 16.574423 -73.619591 16.574423 -73.619591 0.0 0 
-0.138803
 1 229 229 p_scribble_25 _ 541771 0 0 26 0 0 0 0 0 16.237150 -77.342072 16.237150 -77.342072 16.237150 -77.342072 0.0 0 
-0.037737
 1 230 230 p_scribble_26 _ 541703 0 0 26 0 0 0 0 0 16.314682 -81.073753 16.314682 -81.073753 16.314682 -81.073753 0.0 0 
0.080335
 1 231 231 p_scribble_27 _ 541728 0 0 26 0 0 0 0 0 16.822895 -84.768661 16.822895 -84.768661 16.822895 -84.768661 0.0 0 
0.188888
 1 232 232 p_scribble_28 _ 541727 0 0 26 0 0 0 0 0 17.675255 -88.415443 17.675255 -88.415443 17.675255 -88.415443 0.0 0 
0.263691
 1 233 233 p_scribble_29 _ 541771 0 0 26 0 0 0 0 0 18.722181 -91.987587 18.722181 -91.987587 18.722181 -91.987587 0.0 0 
0.301076
 1 234 234 p_scribble_30 _ 541730 0 0 26 0 0 0 0 0 22.939953 -123.901939 22.939953 -123.901939 22.939953 -123.901939 0.0 0 
-2.061937
 1 235 235 p_scribble_31 _ 541739 0 0 26 0 0 0 0 0 17.502207 -121.400223 17.502207 -121.400223 17.502207 -121.400223 0.0 0 
-1.940657
 1 236 236 p_scribble_32 _ 541736 0 0 26 0 0 0 0 0 11.802330 -119.596024 11.802330 -119.596024 11.802330 -119.596024 0.0 0 
-1.813431
 1 237 237 p_scribble_33 _ 541765 0 0 26 0 0 0 0 0 5.906215 -118.533745 5.906215 -118.533745 5.906215 -118.533745 0.0 0 
-1.684959
 1 238 238 p_scribble_34 _ 541704 0 0 26 0 0 0 0 0 -0.070938 -118.225273 -0.070938 -118.225273 -0.070938 -118.225273 0.0 0 
-1.560848
 1 239 239 p_scribble_35 _ 541719 0 0 26 0 0 0 0 0 -6.042597 -118.636200 -6.042597 -118.636200 -6.042597 -118.636200 0.0 0 
-1.444940
 1 240 240 p_scribble_36 _ 541741 0 0 26 0 0 0 0 0 -13.406879 -2.589757 -13.406879 -2.589757 -13.406879 -2.589757 0.0 0 
-1.957805
 1 241 241 p_scribble_37 _ 541751 0 0 26 0 0 0 0 0 -17.872786 -0.821689 -17.872786 -0.821689 -17.872786 -0.821689 0.0 0 
-1.935080
 1 242 242 p_scribble_38 _ 541746 0 0 26 0 0 0 0 0 -22.375559 0.795333 -22.375559 0.795333 -22.375559 0.795333 0.0 0 
-1.891754
 1 243 243 p_scribble_39 _ 541755 0 0 26 0 0 0 0 0 -27.016068 2.162721 -27.016068 2.162721 -27.016068 2.162721 0.0 0 
-1.817322
 1 244 244 p_scribble_40 _ 541748 0 0 26 0 0 0 0 0 -31.723692 3.102364 -31.723692 3.102364 -31.723692 3.102364 0.0 0 
-1.715091
 1 245 245 p_scribble_41 _ 541757 0 0 26 0 0 0 0 0 -36.515877 3.538217 -36.515877 3.538217 -36.515877 3.538217 0.0 0 
-1.610449
 1 246 246 p_scribble_42 _ 541751 0 0 26 0 0 0 0 0 -41.317245 3.526802 -41.317245 3.526802 -41.317245 3.526802 0.0 0 
-1.531743
 1 247 247 p_scribble_43 _ 541707 0 0 26 0 0 0 0 0 9.965984 70.482849 9.965984 70.482849 9.965984 70.482849 0.0 0 
-1.613154
 1 248 248 p_scribble_44 _ 541711 0 0 26 0 0 0 0 0 7.522523 70.764542 7.522523 70.764542 7.522523 70.764542 0.0 0 
-1.764730
 1 249 249 p_scribble_45 _ 541705 0 0 26 0 0 0 0 0 5.166852 71.459915 5.166852 71.459915 5.166852 71.459915 0.0 0 
-1.957733
 1 250 250 p_scribble_46 _ 541706 0 0 26 0 0 0 0 0 1.171153 74.267235 1.171153 74.267235 1.171153 74.267235 0.0 0 
-2.409871
 1 251 251 p_scribble_47 _ 541709 0 0 26 0 0 0 0 0 -0.278393 76.255814 -0.278393 76.255814 -0.278393 76.255814 0.0 0 
-2.606863
 1 252 252 p_scribble_48 _ 541707 0 0 26 0 0 0 0 0 12.995848 74.802422 12.995848 74.802422 12.995848 74.802422 0.0 0 
-1.636635
 1 253 253 p_scribble_49 _ 541708 0 0 26 0 0 0 0 0 10.497855 75.098488 10.497855 75.098488 10.497855 75.098488 0.0 0 
-1.744712
 1 254 254 p_scribble_50 _ 541709 0 0 26 0 0 0 0 0 8.040986 75.695190 8.040986 75.695190 8.040986 75.695190 0.0 0 
-1.877534
 1 255 255 p_scribble_51 _ 541711 0 0 26 0 0 0 0 0 5.704859 76.635773 5.704859 76.635773 5.704859 76.635773 0.0 0 
-2.033024
 1 256 256 p_scribble_52 _ 541710 0 0 26 0 0 0 0 0 3.552633 77.945908 3.552633 77.945908 3.552633 77.945908 0.0 0 
-2.203598
 1 257 257 p_scribble_53 _ 541711 0 0 26 0 0 0 0 0 1.654107 79.607567 1.654107 79.607567 1.654107 79.607567 0.0 0 
-2.374586
 1 258 258 p_scribble_54 _ 541712 0 0 26 0 0 0 0 0 0.058219 81.551491 0.058219 81.551491 0.058219 81.551491 0.0 0 
-2.530473
 1 259 259 p_scribble_55 _ 541713 0 0 26 0 0 0 0 0 -52.338867 23.433994 -52.338867 23.433994 -52.338867 23.433994 0.0 0 
-0.316320
 1 260 260 p_scribble_56 _ 541715 0 0 26 0 0 0 0 0 -52.808651 21.969776 -52.808651 21.969776 -52.808651 21.969776 0.0 0 
-0.300280
 1 261 261 p_scribble_57 _ 541714 0 0 26 0 0 0 0 0 -53.233028 20.494303 -53.233028 20.494303 -53.233028 20.494303 0.0 0 
-0.254133
 1 262 262 p_scribble_58 _ 541715 0 0 26 0 0 0 0 0 -53.562801 18.987215 -53.562801 18.987215 -53.562801 18.987215 0.0 0 
-0.169980
 1 263 263 p_scribble_59 _ 541716 0 0 26 0 0 0 0 0 -53.733982 17.459238 -53.733982 17.459238 -53.733982 17.459238 0.0 0 
-0.047239
 1 264 264 p_scribble_60 _ 541716 0 0 26 0 0 0 0 0 -53.693787 15.919739 -53.693787 15.919739 -53.693787 15.919739 0.0 0 
0.101937
 1 265 265 p_scribble_61 _ 541717 0 0 26 0 0 0 0 0 -53.422977 14.412889 -53.422977 14.412889 -53.422977 14.412889 0.0 0 
0.251894
 1 266 266 p_scribble_62 _ 541718 0 0 26 0 0 0 0 0 -52.941219 12.957041 -52.941219 12.957041 -52.941219 12.957041 0.0 0 
0.383070
 1 267 267 p_scribble_63 _ 541723 0 0 26 0 0 0 0 0 -65.423424 84.623642 -65.423424 84.623642 -65.423424 84.623642 0.0 0 
-4.149391
 1 268 268 p_scribble_64 _ 541722 0 0 26 0 0 0 0 0 -60.650738 87.168327 -60.650738 87.168327 -60.650738 87.168327 0.0 0 
-4.289191
 1 269 269 p_scribble_65 _ 541736 0 0 26 0 0 0 0 0 -55.626038 89.094925 -55.626038 89.094925 -55.626038 89.094925 0.0 0 
-4.400145
 1 270 270 p_scribble_66 _ 541739 0 0 26 0 0 0 0 0 -50.415173 90.495377 -50.415173 90.495377 -50.415173 90.495377 0.0 0 
-4.498194
 1 271 271 p_scribble_67 _ 541719 0 0 26 0 0 0 0 0 -45.092243 91.393486 -45.092243 91.393486 -45.092243 91.393486 0.0 0 
-4.592219
 1 272 272 p_scribble_68 _ 541740 0 0 26 0 0 0 0 0 -39.712521 91.782791 -39.712521 91.782791 -39.712521 91.782791 0.0 0 
-4.689125
 1 273 273 p_scribble_69 _ 541739 0 0 26 0 0 0 0 0 -34.319180 91.626419 -34.319180 91.626419 -34.319180 91.626419 0.0 0 
1.487312
 1 274 274 p_scribble_70 _ 541736 0 0 26 0 0 0 0 0 -28.976591 90.852028 -28.976591 90.852028 -28.976591 90.852028 0.0 0 
1.362641
 1 275 275 p_scribble_71 _ 541720 0 0 26 0 0 0 0 0 85.560318 -5.212607 85.560318 -5.212607 85.560318 -5.212607 0.0 0 
-0.467904
 1 276 276 p_scribble_72 _ 541719 0 0 26 0 0 0 0 0 82.837532 -11.704590 82.837532 -11.704590 82.837532 -11.704590 0.0 0 
-0.332988
 1 277 277 p_scribble_73 _ 541720 0 0 26 0 0 0 0 0 80.905182 -18.468891 80.905182 -18.468891 80.905182 -18.468891 0.0 0 
-0.226711
 1 278 278 p_scribble_74 _ 541721 0 0 26 0 0 0 0 0 79.650970 -25.378735 79.650970 -25.378735 79.650970 -25.378735 0.0 0 
-0.133706
 1 279 279 p_scribble_75 _ 541738 0 0 26 0 0 0 0 0 79.026085 -32.368069 79.026085 -32.368069 79.026085 -32.368069 0.0 0 
-0.044666
 1 280 280 p_scribble_76 _ 541722 0 0 26 0 0 0 0 0 79.032570 -39.389336 79.032570 -39.389336 79.032570 -39.389336 0.0 0 
0.047610
 1 281 281 p_scribble_77 _ 541765 0 0 26 0 0 0 0 0 79.718147 -46.380306 79.718147 -46.380306 79.718147 -46.380306 0.0 0 
0.150294
 1 282 282 p_scribble_78 _ 541724 0 0 26 0 0 0 0 0 81.177956 -53.253498 81.177956 -53.253498 81.177956 -53.253498 0.0 0 
0.272417
 1 283 283 p_scribble_79 _ 541723 0 0 26 0 0 0 0 0 83.560410 -59.859474 83.560410 -59.859474 83.560410 -59.859474 0.0 0 
0.426446
 1 284 284 p_scribble_80 _ 541724 0 0 26 0 0 0 0 0 -66.072380 -115.501122 -66.072380 -115.501122 -66.072380 -115.501122 0.0 0 
-3.149529
 1 285 285 p_scribble_81 _ 541767 0 0 26 0 0 0 0 0 -66.210114 -111.409584 -66.210114 -111.409584 -66.210114 -111.409584 0.0 0 
-3.066815
 1 286 286 p_scribble_82 _ 541725 0 0 26 0 0 0 0 0 -66.679550 -107.342445 -66.679550 -107.342445 -66.679550 -107.342445 0.0 0 
-2.987070
 1 287 287 p_scribble_83 _ 541726 0 0 26 0 0 0 0 0 -68.549225 -99.376160 -68.549225 -99.376160 -68.549225 -99.376160 0.0 0 
-2.837155
 1 288 288 p_scribble_84 _ 541727 0 0 26 0 0 0 0 0 -69.914139 -95.516853 -69.914139 -95.516853 -69.914139 -95.516853 0.0 0 
-2.766572
 1 289 289 p_scribble_85 _ 541728 0 0 26 0 0 0 0 0 -71.544823 -91.758713 -71.544823 -91.758713 -71.544823 -91.758713 0.0 0 
-2.698141
 1 290 290 p_scribble_86 _ 541729 0 0 26 0 0 0 0 0 -73.426842 -88.117615 -73.426842 -88.117615 -73.426842 -88.117615 0.0 0 
-2.631070
 1 291 291 p_scribble_87 _ 541771 0 0 26 0 0 0 0 0 -75.547600 -84.610474 -75.547600 -84.610474 -75.547600 -84.610474 0.0 0 
-2.564334
 1 292 292 p_scribble_88 _ 541730 0 0 26 0 0 0 0 0 -61.581978 -107.485703 -61.581978 -107.485703 -61.581978 -107.485703 0.0 0 
-3.049818
 1 293 293 p_scribble_89 _ 541731 0 0 26 0 0 0 0 0 -62.352234 -102.583076 -62.352234 -102.583076 -62.352234 -102.583076 0.0 0 
-2.927191
 1 294 294 p_scribble_90 _ 541732 0 0 26 0 0 0 0 0 -63.650864 -97.792564 -63.650864 -97.792564 -63.650864 -97.792564 0.0 0 
-2.829516
 1 295 295 p_scribble_91 _ 541733 0 0 26 0 0 0 0 0 -65.378365 -93.137993 -65.378365 -93.137993 -65.378365 -93.137993 0.0 0 
-2.744071
 1 296 296 p_scribble_92 _ 541734 0 0 26 0 0 0 0 0 -67.488594 -88.644424 -67.488594 -88.644424 -67.488594 -88.644424 0.0 0 
-2.660386
 1 297 297 p_scribble_93 _ 541735 0 0 26 0 0 0 0 0 -34.578888 -135.069305 -34.578888 -135.069305 -34.578888 -135.069305 0.0 0 
0.170795
 1 298 298 p_scribble_94 _ 541765 0 0 26 0 0 0 0 0 -33.440453 -144.611267 -33.440453 -144.611267 -33.440453 -144.611267 0.0 0 
0.090190
 1 299 299 p_scribble_95 _ 541736 0 0 26 0 0 0 0 0 -32.502754 -154.249161 -32.502754 -154.249161 -32.502754 -154.249161 0.0 0 
0.117048
 1 300 300 p_scribble_96 _ 541737 0 0 26 0 0 0 0 0 -31.002506 -163.731934 -31.002506 -163.731934 -31.002506 -163.731934 0.0 0 
0.204130
 1 301 301 p_scribble_97 _ 541738 0 0 26 0 0 0 0 0 -28.513844 -173.016632 -28.513844 -173.016632 -28.513844 -173.016632 0.0 0 
0.322894
 1 302 302 p_scribble_98 _ 541739 0 0 26 0 0 0 0 0 -24.880903 -181.929199 -24.880903 -181.929199 -24.880903 -181.929199 0.0 0 
0.451240
 1 303 303 p_scribble_99 _ 541739 0 0 26 0 0 0 0 0 -20.159941 -190.307327 -20.159941 -190.307327 -20.159941 -190.307327 0.0 0 
0.573066
 1 304 304 p_scribble_100 _ 541740 0 0 26 0 0 0 0 0 -14.519828 -198.075653 -14.519828 -198.075653 -14.519828 -198.075653 0.0 0 
0.680200
 1 305 305 p_scribble_101 _ 541741 0 0 26 0 0 0 0 0 -48.265423 58.738132 -48.265423 58.738132 -48.265423 58.738132 0.0 0 
-3.512828
 1 306 306 p_scribble_102 _ 541751 0 0 26 0 0 0 0 0 -46.793091 62.157906 -46.793091 62.157906 -46.793091 62.157906 0.0 0 
-3.586751
 1 307 307 p_scribble_103 _ 541742 0 0 26 0 0 0 0 0 -45.044140 65.439323 -45.044140 65.439323 -45.044140 65.439323 0.0 0 
-3.678261
 1 308 308 p_scribble_104 _ 541747 0 0 26 0 0 0 0 0 -42.982544 68.538795 -42.982544 68.538795 -42.982544 68.538795 0.0 0 
-3.779468
 1 309 309 p_scribble_105 _ 541748 0 0 26 0 0 0 0 0 -40.622990 71.409546 -40.622990 71.409546 -40.622990 71.409546 0.0 0 
-3.878356
 1 310 310 p_scribble_106 _ 541751 0 0 26 0 0 0 0 0 -38.001095 74.051125 -38.001095 74.051125 -38.001095 74.051125 0.0 0 
-3.965680
 1 311 311 p_scribble_107 _ 541741 0 0 26 0 0 0 0 0 -15.417455 -116.175224 -15.417455 -116.175224 -15.417455 -116.175224 0.0 0 
-2.549980
 1 312 312 p_scribble_108 _ 541751 0 0 26 0 0 0 0 0 -17.682137 -113.542603 -17.682137 -113.542603 -17.682137 -113.542603 0.0 0 
-2.311438
 1 313 313 p_scribble_109 _ 541742 0 0 26 0 0 0 0 0 -20.485853 -111.478310 -20.485853 -111.478310 -20.485853 -111.478310 0.0 0 
-2.113910
 1 314 314 p_scribble_110 _ 541747 0 0 26 0 0 0 0 0 -23.569763 -109.836693 -23.569763 -109.836693 -23.569763 -109.836693 0.0 0 
-2.027184
 1 315 315 p_scribble_111 _ 541748 0 0 26 0 0 0 0 0 -26.689028 -108.266022 -26.689028 -108.266022 -26.689028 -108.266022 0.0 0 
-2.068393
 1 316 316 p_scribble_112 _ 541751 0 0 26 0 0 0 0 0 -29.630295 -106.390152 -29.630295 -106.390152 -29.630295 -106.390152 0.0 0 
-2.225333
 1 317 317 p_scribble_113 _ 541743 0 0 26 0 0 0 0 0 -8.271074 -241.994064 -8.271074 -241.994064 -8.271074 -241.994064 0.0 0 
-1.778653
 1 318 318 p_scribble_114 _ 541755 0 0 26 0 0 0 0 0 -10.965447 -241.652969 -10.965447 -241.652969 -10.965447 -241.652969 0.0 0 
-1.621871
 1 319 319 p_scribble_115 _ 541757 0 0 26 0 0 0 0 0 -13.692945 -241.676727 -13.692945 -241.676727 -13.692945 -241.676727 0.0 0 
-1.509952
 1 320 320 p_scribble_116 _ 541744 0 0 26 0 0 0 0 0 -16.419106 -241.947357 -16.419106 -241.947357 -16.419106 -241.947357 0.0 0 
-1.440157
 1 321 321 p_scribble_117 _ 541754 0 0 26 0 0 0 0 0 -21.785755 -242.824966 -21.785755 -242.824966 -21.785755 -242.824966 0.0 0 
-1.394330
 1 322 322 p_scribble_118 _ 541746 0 0 26 0 0 0 0 0 -24.476028 -243.295273 -24.476028 -243.295273 -24.476028 -243.295273 0.0 0 
-1.404048
 1 323 323 p_scribble_119 _ 541747 0 0 26 0 0 0 0 0 -27.191162 -243.719894 -27.191162 -243.719894 -27.191162 -243.719894 0.0 0 
-1.429621
 1 324 324 p_scribble_120 _ 541751 0 0 26 0 0 0 0 0 -29.880228 -244.053207 -29.880228 -244.053207 -29.880228 -244.053207 0.0 0 
-1.467118
 1 325 325 p_scribble_121 _ 541753 0 0 26 0 0 0 0 0 -32.595390 -244.272888 -32.595390 -244.272888 -32.595390 -244.272888 0.0 0 
-1.514413
 1 326 326 p_scribble_122 _ 541762 0 0 26 0 0 0 0 0 -35.349422 -244.353683 -35.349422 -244.353683 -35.349422 -244.353683 0.0 0 
-1.569540
 1 327 327 p_scribble_123 _ 541748 0 0 26 0 0 0 0 0 -38.042526 -244.278824 -38.042526 -244.278824 -38.042526 -244.278824 0.0 0 
-1.628233
 1 328 328 p_scribble_124 _ 541751 0 0 26 0 0 0 0 0 -40.771984 -244.036713 -40.771984 -244.036713 -40.771984 -244.036713 0.0 0 
-1.690580
 1 329 329 p_scribble_125 _ 541763 0 0 26 0 0 0 0 0 -43.457378 -243.627991 -43.457378 -243.627991 -43.457378 -243.627991 0.0 0 
-1.753058
 1 330 330 p_scribble_126 _ 541754 0 0 26 0 0 0 0 0 32.226120 -165.362183 32.226120 -165.362183 32.226120 -165.362183 0.0 0 
-0.829203
 1 331 331 p_scribble_127 _ 541748 0 0 26 0 0 0 0 0 29.968006 -167.492752 29.968006 -167.492752 29.968006 -167.492752 0.0 0 
-0.798847
 1 332 332 p_scribble_128 _ 541763 0 0 26 0 0 0 0 0 27.796295 -169.681580 27.796295 -169.681580 27.796295 -169.681580 0.0 0 
-0.763069
 1 333 333 p_scribble_129 _ 541753 0 0 26 0 0 0 0 0 25.703485 -171.963043 25.703485 -171.963043 25.703485 -171.963043 0.0 0 
-0.720262
 1 334 334 p_scribble_130 _ 541744 0 0 26 0 0 0 0 0 23.712914 -174.348679 23.712914 -174.348679 23.712914 -174.348679 0.0 0 
-0.668955
 1 335 335 p_scribble_131 _ 541754 0 0 26 0 0 0 0 0 20.190683 -179.427002 20.190683 -179.427002 20.190683 -179.427002 0.0 0 
-0.536729
 1 336 336 p_scribble_132 _ 541746 0 0 26 0 0 0 0 0 18.720715 -182.139725 18.720715 -182.139725 18.720715 -182.139725 0.0 0 
-0.454759
 1 337 337 p_scribble_133 _ 541747 0 0 26 0 0 0 0 0 17.495113 -184.958344 17.495113 -184.958344 17.495113 -184.958344 0.0 0 
-0.364399
 1 338 338 p_scribble_134 _ 541751 0 0 26 0 0 0 0 0 16.528780 -187.907166 16.528780 -187.907166 16.528780 -187.907166 0.0 0 
-0.268680
 1 339 339 p_scribble_135 _ 541760 0 0 26 0 0 0 0 0 15.849501 -190.924820 15.849501 -190.924820 15.849501 -190.924820 0.0 0 
-0.174984
 1 340 340 p_scribble_136 _ 541762 0 0 26 0 0 0 0 0 15.445130 -193.986221 15.445130 -193.986221 15.445130 -193.986221 0.0 0 
-0.089452
 1 341 341 p_scribble_137 _ 541748 0 0 26 0 0 0 0 0 15.285175 -197.080231 15.285175 -197.080231 15.285175 -197.080231 0.0 0 
-0.016182
 1 342 342 p_scribble_138 _ 541759 0 0 26 0 0 0 0 0 15.330241 -200.185074 15.330241 -200.185074 15.330241 -200.185074 0.0 0 
0.042764
 1 343 343 p_scribble_139 _ 541763 0 0 26 0 0 0 0 0 15.533472 -203.256042 15.533472 -203.256042 15.533472 -203.256042 0.0 0 
0.087179
 1 344 344 p_scribble_140 _ 541745 0 0 26 0 0 0 0 0 59.297287 6.824787 59.297287 6.824787 59.297287 6.824787 0.0 0 
-2.111925
 1 345 345 p_scribble_141 _ 541764 0 0 26 0 0 0 0 0 57.474884 7.781985 57.474884 7.781985 57.474884 7.781985 0.0 0 
-2.006148
 1 346 346 p_scribble_142 _ 541748 0 0 26 0 0 0 0 0 55.572468 8.589808 55.572468 8.589808 55.572468 8.589808 0.0 0 
-1.944329
 1 347 347 p_scribble_143 _ 541753 0 0 26 0 0 0 0 0 53.623486 9.311616 53.623486 9.311616 53.623486 9.311616 0.0 0 
-1.910403
 1 348 348 p_scribble_144 _ 541757 0 0 26 0 0 0 0 0 51.693050 9.974652 51.693050 9.974652 51.693050 9.974652 0.0 0 
-1.895357
 1 349 349 p_scribble_145 _ 541754 0 0 26 0 0 0 0 0 47.777122 11.289509 47.777122 11.289509 47.777122 11.289509 0.0 0 
-1.900639
 1 350 350 p_scribble_146 _ 541746 0 0 26 0 0 0 0 0 45.841373 11.967283 45.841373 11.967283 45.841373 11.967283 0.0 0 
-1.915669
 1 351 351 p_scribble_147 _ 541747 0 0 26 0 0 0 0 0 43.912186 12.682507 43.912186 12.682507 43.912186 12.682507 0.0 0 
-1.936920
 1 352 352 p_scribble_148 _ 541759 0 0 26 0 0 0 0 0 41.984005 13.450557 41.984005 13.450557 41.984005 13.450557 0.0 0 
-1.963611
 1 353 353 p_scribble_149 _ 541760 0 0 26 0 0 0 0 0 40.108612 14.260786 40.108612 14.260786 40.108612 14.260786 0.0 0 
-1.994276
 1 354 354 p_scribble_150 _ 541762 0 0 26 0 0 0 0 0 38.235226 15.144195 38.235226 15.144195 38.235226 15.144195 0.0 0 
-2.029179
 1 355 355 p_scribble_151 _ 541748 0 0 26 0 0 0 0 0 36.414379 16.085255 36.414379 16.085255 36.414379 16.085255 0.0 0 
-2.066938
 1 356 356 p_scribble_152 _ 541759 0 0 26 0 0 0 0 0 34.619907 17.103891 34.619907 17.103891 34.619907 17.103891 0.0 0 
-2.107650
 1 357 357 p_scribble_153 _ 541763 0 0 26 0 0 0 0 0 32.875145 18.193081 32.875145 18.193081 32.875145 18.193081 0.0 0 
-2.150397
 1 358 358 p_scribble_154 _ 541749 0 0 26 0 0 0 0 0 -45.608894 -11.811339 -45.608894 -11.811339 -45.608894 -11.811339 0.0 0 
-0.387569
 1 359 359 p_scribble_155 _ 541750 0 0 26 0 0 0 0 0 -46.558300 -14.860611 -46.558300 -14.860611 -46.558300 -14.860611 0.0 0 
-0.213244
 1 360 360 p_scribble_156 _ 541753 0 0 26 0 0 0 0 0 -46.936108 -18.041899 -46.936108 -18.041899 -46.936108 -18.041899 0.0 0 
-0.019963
 1 361 361 p_scribble_157 _ 541761 0 0 26 0 0 0 0 0 -46.667076 -21.224962 -46.667076 -21.224962 -46.667076 -21.224962 0.0 0 
0.191536
 1 362 362 p_scribble_158 _ 541762 0 0 26 0 0 0 0 0 -45.711727 -24.274376 -45.711727 -24.274376 -45.711727 -24.274376 0.0 0 
0.417270
 1 363 363 p_scribble_159 _ 541751 0 0 26 0 0 0 0 0 -44.088646 -27.031832 -44.088646 -27.031832 -44.088646 -27.031832 0.0 0 
0.645909
 1 364 364 p_scribble_160 _ 541763 0 0 26 0 0 0 0 0 -41.903851 -29.353195 -41.903851 -29.353195 -41.903851 -29.353195 0.0 0 
0.860990
 1 365 365 p_scribble_161 _ 541752 0 0 26 0 0 0 0 0 -60.185833 -27.739645 -60.185833 -27.739645 -60.185833 -27.739645 0.0 0 
-0.039693
 1 366 366 p_scribble_162 _ 541757 0 0 26 0 0 0 0 0 -60.100487 -31.144779 -60.100487 -31.144779 -60.100487 -31.144779 0.0 0 
0.100293
 1 367 367 p_scribble_163 _ 541762 0 0 26 0 0 0 0 0 -59.428516 -34.472088 -59.428516 -34.472088 -59.428516 -34.472088 0.0 0 
0.310656
 1 368 368 p_scribble_164 _ 541753 0 0 26 0 0 0 0 0 -57.980503 -37.538586 -57.980503 -37.538586 -57.980503 -37.538586 0.0 0 
0.575724
 1 369 369 p_scribble_165 _ 541764 0 0 26 0 0 0 0 0 -55.780594 -40.130058 -55.780594 -40.130058 -55.780594 -40.130058 0.0 0 
0.822414
 1 370 370 p_scribble_166 _ 541754 0 0 26 0 0 0 0 0 -65.337440 -29.136766 -65.337440 -29.136766 -65.337440 -29.136766 0.0 0 
0.008878
 1 371 371 p_scribble_167 _ 541762 0 0 26 0 0 0 0 0 -65.216446 -31.895973 -65.216446 -31.895973 -65.216446 -31.895973 0.0 0 
0.082751
 1 372 372 p_scribble_168 _ 541755 0 0 26 0 0 0 0 0 -64.855148 -34.646618 -64.855148 -34.646618 -64.855148 -34.646618 0.0 0 
0.183120
 1 373 373 p_scribble_169 _ 541763 0 0 26 0 0 0 0 0 -64.185181 -37.328003 -64.185181 -37.328003 -64.185181 -37.328003 0.0 0 
0.311086
 1 374 374 p_scribble_170 _ 541756 0 0 26 0 0 0 0 0 -63.146282 -39.890663 -63.146282 -39.890663 -63.146282 -39.890663 0.0 0 
0.462135
 1 375 375 p_scribble_171 _ 541757 0 0 26 0 0 0 0 0 -61.717613 -42.261791 -61.717613 -42.261791 -61.717613 -42.261791 0.0 0 
0.622412
 1 376 376 p_scribble_172 _ 541763 0 0 26 0 0 0 0 0 -59.941967 -44.372772 -59.941967 -44.372772 -59.941967 -44.372772 0.0 0 
0.773555
 1 377 377 p_scribble_173 _ 541758 0 0 26 0 0 0 0 0 7.540231 -27.930241 7.540231 -27.930241 7.540231 -27.930241 0.0 0 
-2.736940
 1 378 378 p_scribble_174 _ 541759 0 0 26 0 0 0 0 0 5.930501 -25.018946 5.930501 -25.018946 5.930501 -25.018946 0.0 0 
-2.536142
 1 379 379 p_scribble_175 _ 541760 0 0 26 0 0 0 0 0 3.773917 -22.451754 3.773917 -22.451754 3.773917 -22.451754 0.0 0 
-2.357147
 1 380 380 p_scribble_176 _ 541761 0 0 26 0 0 0 0 0 1.256089 -20.242636 1.256089 -20.242636 1.256089 -20.242636 0.0 0 
-2.235815
 1 381 381 p_scribble_177 _ 541762 0 0 26 0 0 0 0 0 -1.447561 -18.261641 -1.447561 -18.261641 -1.447561 -18.261641 0.0 0 
-2.181603
 1 382 382 p_scribble_178 _ 541763 0 0 26 0 0 0 0 0 -4.194845 -16.337456 -4.194845 -16.337456 -4.194845 -16.337456 0.0 0 
-2.192598
 1 383 383 p_scribble_179 _ 541764 0 0 26 0 0 0 0 0 -6.855797 -14.299984 -6.855797 -14.299984 -6.855797 -14.299984 0.0 0 
-2.266140
 1 384 384 p_scribble_180 _ 541765 0 0 26 0 0 0 0 0 -67.367561 21.034273 -67.367561 21.034273 -67.367561 21.034273 0.0 0 
-0.023018
 1 385 385 p_scribble_181 _ 541766 0 0 26 0 0 0 0 0 -67.244446 14.690687 -67.244446 14.690687 -67.244446 14.690687 0.0 0 
0.066489
 1 386 386 p_scribble_182 _ 541767 0 0 26 0 0 0 0 0 -66.458916 8.376949 -66.458916 8.376949 -66.458916 8.376949 0.0 0 
0.185918
 1 387 387 p_scribble_183 _ 541769 0 0 26 0 0 0 0 0 -64.868263 2.241377 -64.868263 2.241377 -64.868263 2.241377 0.0 0 
0.320633
 1 388 388 p_scribble_184 _ 541768 0 0 26 0 0 0 0 0 -62.551113 -3.675678 -62.551113 -3.675678 -62.551113 -3.675678 0.0 0 
0.411331
 1 389 389 p_scribble_185 _ 541769 0 0 26 0 0 0 0 0 -60.010098 -9.519364 -60.010098 -9.519364 -60.010098 -9.519364 0.0 0 
0.387865
 1 390 390 p_scribble_186 _ 541770 0 0 26 0 0 0 0 0 -57.935555 -15.529129 -57.935555 -15.529129 -57.935555 -15.529129 0.0 0 
0.267295
 1 391 391 p_scribble_187 _ 541771 0 0 26 0 0 0 0 0 -56.695740 -21.732199 -56.695740 -21.732199 -56.695740 -21.732199 0.0 0 
0.129754
