partiesfile version 1
126 126
 1 0 0 p_main_party Main_Party 1048576 0 0 24 0 0 0 0 0 13.600000 54.600000 13.600000 54.600000 13.600000 54.600000 0.0 1 0 1 0 0 
0.000000
 1 1 1 p_temp_party temp_party 256 0 0 1 0 0 0 0 0 0.000000 0.000000 0.000000 0.000000 0.000000 0.000000 0.0 0 
0.000000
 1 2 2 p_camp_bandits camp_bandits 256 0 0 2 0 0 0 0 0 1.000000 1.000000 1.000000 1.000000 1.000000 1.000000 0.0 1 3 3 0 0 
0.000000
 1 3 3 p_temp_party_2 temp_party_2 256 0 0 1 0 0 0 0 0 0.000000 0.000000 0.000000 0.000000 0.000000 0.000000 0.0 0 
0.000000
 1 4 4 p_temp_casualties casualties 256 0 0 27 0 0 0 0 0 1.000000 1.000000 1.000000 1.000000 1.000000 1.000000 0.0 0 
0.000000
 1 5 5 p_temp_casualties_2 casualties 256 0 0 27 0 0 0 0 0 1.000000 1.000000 1.000000 1.000000 1.000000 1.000000 0.0 0 
0.000000
 1 6 6 p_temp_casualties_3 casualties 256 0 0 27 0 0 0 0 0 1.000000 1.000000 1.000000 1.000000 1.000000 1.000000 0.0 0 
0.000000
 1 7 7 p_temp_wounded enemies_wounded 256 0 0 27 0 0 0 0 0 1.000000 1.000000 1.000000 1.000000 1.000000 1.000000 0.0 0 
0.000000
 1 8 8 p_temp_killed enemies_killed 256 0 0 27 0 0 0 0 0 1.000000 1.000000 1.000000 1.000000 1.000000 1.000000 0.0 0 
0.000000
 1 9 9 p_main_party_backup _ 256 0 0 27 0 0 0 0 0 1.000000 1.000000 1.000000 1.000000 1.000000 1.000000 0.0 0 
0.000000
 1 10 10 p_encountered_party_backup _ 256 0 0 27 0 0 0 0 0 1.000000 1.000000 1.000000 1.000000 1.000000 1.000000 0.0 0 
0.000000
 1 11 11 p_collective_friends_backup _ 256 0 0 27 0 0 0 0 0 1.000000 1.000000 1.000000 1.000000 1.000000 1.000000 0.0 0 
0.000000
 1 12 12 p_player_casualties _ 256 0 0 27 0 0 0 0 0 1.000000 1.000000 1.000000 1.000000 1.000000 1.000000 0.0 0 
0.000000
 1 13 13 p_enemy_casualties _ 256 0 0 27 0 0 0 0 0 1.000000 1.000000 1.000000 1.000000 1.000000 1.000000 0.0 0 
0.000000
 1 14 14 p_ally_casualties _ 256 0 0 27 0 0 0 0 0 1.000000 1.000000 1.000000 1.000000 1.000000 1.000000 0.0 0 
0.000000
 1 15 15 p_collective_enemy collective_enemy 256 0 0 27 0 0 0 0 0 1.000000 1.000000 1.000000 1.000000 1.000000 1.000000 0.0 0 
0.000000
 1 16 16 p_collective_ally collective_ally 256 0 0 27 0 0 0 0 0 1.000000 1.000000 1.000000 1.000000 1.000000 1.000000 0.0 0 
0.000000
 1 17 17 p_collective_friends collective_ally 256 0 0 27 0 0 0 0 0 1.000000 1.000000 1.000000 1.000000 1.000000 1.000000 0.0 0 
0.000000
 1 18 18 p_town_merc_1 sargoth_mercs 256 0 0 27 0 0 0 0 0 0.000000 0.000000 0.000000 0.000000 0.000000 0.000000 0.0 0 
0.000000
 1 19 19 p_zendar Brigand_Fort 2114637 0 0 27 0 0 0 0 0 -39.900000 -0.500000 -39.900000 -0.500000 -39.900000 -0.500000 0.0 0 
0.000000
 1 20 20 p_town_minas_tirith Minas_Tirith 4220017 0 0 27 0 0 0 0 0 -47.465164 24.283142 -47.465164 24.283142 -47.465164 24.283142 0.0 0 
3.577925
 1 21 21 p_town_pelargir Pelargir 4220010 0 0 27 0 0 0 0 0 -41.313404 60.998856 -41.313404 60.998856 -41.313404 60.998856 0.0 0 
4.188790
 1 22 22 p_town_linhir Linhir 4219998 0 0 27 0 0 0 0 0 -0.834263 59.125397 -0.834263 59.125397 -0.834263 59.125397 0.0 0 
2.967060
 1 23 23 p_town_dol_amroth Dol_Amroth 4220002 0 0 27 0 0 0 0 0 46.235764 64.029526 46.235764 64.029526 46.235764 64.029526 0.0 0 
4.886922
 1 24 24 p_town_edhellond Edhellond 4220010 0 0 27 0 0 0 0 0 37.656502 46.137527 37.656502 46.137527 37.656502 46.137527 0.0 0 
2.967060
 1 25 25 p_town_lossarnach Lossarnach 4220010 0 0 27 0 0 0 0 0 -39.850273 37.002899 -39.850273 37.002899 -39.850273 37.002899 0.0 0 
2.967060
 1 26 26 p_town_tarnost Tarnost 4219998 0 0 27 0 0 0 0 0 15.311577 63.942841 15.311577 63.942841 15.311577 63.942841 0.0 0 
2.967060
 1 27 27 p_town_erech Erech 4219998 0 0 27 0 0 0 0 0 28.165466 9.340988 28.165466 9.340988 28.165466 9.340988 0.0 0 
2.967060
 1 28 28 p_town_pinnath_gelin Pinnath_Gelin 4220010 0 0 27 0 0 0 0 0 50.819733 30.816559 50.819733 30.816559 50.819733 30.816559 0.0 0 
2.967060
 1 29 29 p_town_west_osgiliath West_Osgiliath 4220005 0 0 27 0 0 0 0 0 -58.194717 20.500275 -58.194717 20.500275 -58.194717 20.500275 0.0 0 
0.000000
 1 30 30 p_town_henneth_annun Henneth_Annun 4220015 0 0 27 0 0 0 0 0 -63.812923 -14.051041 -63.812923 -14.051041 -63.812923 -14.051041 0.0 0 
2.967060
 1 31 31 p_town_cair_andros Cair_Andros 4219997 0 0 27 0 0 0 0 0 -56.478985 3.547134 -56.478985 3.547134 -56.478985 3.547134 0.0 0 
2.967060
 1 32 32 p_town_ethring Ethring 4220010 0 0 27 0 0 0 0 0 -2.157860 30.863678 -2.157860 30.863678 -2.157860 30.863678 0.0 0 
0.872665
 1 33 33 p_town_edoras Edoras 4220006 0 0 27 0 0 0 0 0 22.834366 -14.703476 22.834366 -14.703476 22.834366 -14.703476 0.0 0 
3.752458
 1 34 34 p_town_aldburg Aldburg 4220025 0 0 27 0 0 0 0 0 7.918526 -8.333206 7.918526 -8.333206 7.918526 -8.333206 0.0 0 
2.967060
 1 35 35 p_town_hornburg Hornburg 4220014 0 0 27 0 0 0 0 0 40.194038 -11.918579 40.194038 -11.918579 40.194038 -11.918579 0.0 0 
3.316126
 1 36 36 p_town_east_emnet East_Emnet 4220025 0 0 27 0 0 0 0 0 -10.057114 -28.464279 -10.057114 -28.464279 -10.057114 -28.464279 0.0 0 
2.967060
 1 37 37 p_town_westfold Westfold 4220025 0 0 27 0 0 0 0 0 41.469215 -29.294189 41.469215 -29.294189 41.469215 -29.294189 0.0 0 
4.537856
 1 38 38 p_town_west_emnet West_Emnet 4220025 0 0 27 0 0 0 0 0 22.136223 -40.135925 22.136223 -40.135925 22.136223 -40.135925 0.0 0 
4.363323
 1 39 39 p_town_eastfold Eastfold 4220025 0 0 27 0 0 0 0 0 -19.802509 -0.500977 -19.802509 -0.500977 -19.802509 -0.500977 0.0 0 
2.967060
 1 40 40 p_town_barad_dur Barad_Dur 4219994 0 0 27 0 0 0 0 0 -100.048325 -3.573029 -100.048325 -3.573029 -100.048325 -3.573029 0.0 0 
2.967060
 1 41 41 p_town_morannon Morannon 4220019 0 0 27 0 0 0 0 0 -78.951805 -34.186600 -78.951805 -34.186600 -78.951805 -34.186600 0.0 0 
2.967060
 1 42 42 p_town_minas_morgul Minas_Morgul 4220018 0 0 27 0 0 0 0 0 -72.311302 23.814362 -72.311302 23.814362 -72.311302 23.814362 0.0 0 
2.967060
 1 43 43 p_town_cirith_ungol Cirith_Ungol 4219995 0 0 27 0 0 0 0 0 -69.469307 18.762466 -69.469307 18.762466 -69.469307 18.762466 0.0 0 
2.967060
 1 44 44 p_town_east_osgiliath East_Osgiliath 4220004 0 0 27 0 0 0 0 0 -62.187012 20.631195 -62.187012 20.631195 -62.187012 20.631195 0.0 0 
0.000000
 1 45 45 p_town_orc_sentry_camp Orc_Sentry_Camp 4220024 0 0 27 0 0 0 0 0 -56.432182 30.439667 -56.432182 30.439667 -56.432182 30.439667 0.0 0 
2.967060
 1 46 46 p_town_isengard Isengard 4220016 0 0 27 0 0 0 0 0 52.802551 -57.728455 52.802551 -57.728455 52.802551 -57.728455 0.0 0 
2.967060
 1 47 47 p_town_urukhai_outpost Uruk_Hai_Outpost 4220024 0 0 27 0 0 0 0 0 23.713844 -52.454651 23.713844 -52.454651 23.713844 -52.454651 0.0 0 
2.967060
 1 48 48 p_town_urukhai_h_camp Uruk_Hai_Hunting_camp 4220024 0 0 27 0 0 0 0 0 17.958641 -78.915405 17.958641 -78.915405 17.958641 -78.915405 0.0 0 
2.967060
 1 49 49 p_town_urukhai_r_camp Uruk_Hai_River_camp 4220024 0 0 27 0 0 0 0 0 -0.393986 -54.170471 -0.393986 -54.170471 -0.393986 -54.170471 0.0 0 
2.967060
 1 50 50 p_town_caras_galadhon Caras_Galadhon 4220011 0 0 27 0 0 0 0 0 -15.700000 -131.300000 -15.700000 -131.300000 -15.700000 -131.300000 0.0 0 
6.108652
 1 51 51 p_town_cerin_dolen Cerin_Dolen 4219976 0 0 27 0 0 0 0 0 6.000000 -135.700000 6.000000 -135.700000 6.000000 -135.700000 0.0 0 
2.967060
 1 52 52 p_town_cerin_amroth Cerin_Amroth 4219976 0 0 27 0 0 0 0 0 -7.700000 -134.300000 -7.700000 -134.300000 -7.700000 -134.300000 0.0 0 
2.967060
 1 53 53 p_town_thranduils_halls Thranduil's_Halls 4219976 0 0 27 0 0 0 0 0 -56.300000 -223.000000 -56.300000 -223.000000 -56.300000 -223.000000 0.0 0 
2.967060
 1 54 54 p_town_woodelf_camp Woodelf_Camp 4219976 0 0 27 0 0 0 0 0 -50.900000 -159.600000 -50.900000 -159.600000 -50.900000 -159.600000 0.0 0 
2.967060
 1 55 55 p_town_woodelf_west_camp Woodelf_West_Camp 4219976 0 0 27 0 0 0 0 0 -38.200000 -215.400000 -38.200000 -215.400000 -38.200000 -215.400000 0.0 0 
2.967060
 1 56 56 p_town_woodsmen_village Woodsmen_Village 4219973 0 0 27 0 0 0 0 0 -27.300000 -197.800000 -27.300000 -197.800000 -27.300000 -197.800000 0.0 0 
2.967060
 1 57 57 p_town_beorning_village Beorning_Village 4220026 0 0 27 0 0 0 0 0 -28.900000 -184.700000 -28.900000 -184.700000 -28.900000 -184.700000 0.0 0 
2.967060
 1 58 58 p_town_beorn_house Beorn's_House 4220026 0 0 27 0 0 0 0 0 -32.200000 -200.600000 -32.200000 -200.600000 -32.200000 -200.600000 0.0 0 
2.967060
 1 59 59 p_town_moria Moria 4220020 0 0 27 0 0 0 0 0 29.000000 -151.300000 29.000000 -151.300000 29.000000 -151.300000 0.0 0 
3.490658
 1 60 60 p_town_troll_cave Troll_Cave 4220024 0 0 27 0 0 0 0 0 35.200000 -94.400000 35.200000 -94.400000 35.200000 -94.400000 0.0 0 
2.967060
 1 61 61 p_town_dale Dale 4219971 0 0 27 0 0 0 0 0 -81.100000 -223.900000 -81.100000 -223.900000 -81.100000 -223.900000 0.0 0 
2.967060
 1 62 62 p_town_esgaroth Esgaroth 4219971 0 0 27 0 0 0 0 0 -76.600000 -218.900000 -76.600000 -218.900000 -76.600000 -218.900000 0.0 0 
2.967060
 1 63 63 p_town_dunland_camp Dunlander_Camp 4220023 0 0 27 0 0 0 0 0 45.900000 -43.500000 45.900000 -43.500000 45.900000 -43.500000 0.0 0 
6.108652
 1 64 64 p_town_harad_camp Haradrim_Camp 4220013 0 0 27 0 0 0 0 0 -55.900000 67.700000 -55.900000 67.700000 -55.900000 67.700000 0.0 0 
2.967060
 1 65 65 p_town_khand_camp Khand_Camp 4220022 0 0 27 0 0 0 0 0 -50.100000 -45.300000 -50.100000 -45.300000 -50.100000 -45.300000 0.0 0 
2.967060
 1 66 66 p_town_umbar_camp Corsair_Camp 4220001 0 0 27 0 0 0 0 0 12.900000 65.900000 12.900000 65.900000 12.900000 65.900000 0.0 0 
3.054326
 1 67 67 p_town_imladris_camp Rivendell_Camp 4219976 0 0 27 0 0 0 0 0 2.250000 -145.100000 2.250000 -145.100000 2.250000 -145.100000 0.0 0 
2.967060
 1 68 68 p_town_dol_guldur Dol_Guldur 4220003 0 0 27 0 0 0 0 0 -44.300000 -131.100000 -44.300000 -131.100000 -44.300000 -131.100000 0.0 0 
2.967060
 1 69 69 p_town_dol_guldur_north_outpost Dol_Guldur_North_Outpost 4220024 0 0 27 0 0 0 0 0 -62.600000 -188.000000 -62.600000 -188.000000 -62.600000 -188.000000 0.0 0 
2.967060
 1 70 70 p_town_north_rhun_camp Northern_Rhun_Camp 4220022 0 0 27 0 0 0 0 0 -91.200000 -223.100000 -91.200000 -223.100000 -91.200000 -223.100000 0.0 0 
2.967060
 1 71 71 p_town_rhun_south_camp Rhun_Southern_Outpost 4220022 0 0 27 0 0 0 0 0 -82.600000 -188.800000 -82.600000 -188.800000 -82.600000 -188.800000 0.0 0 
2.967060
 1 72 72 p_town_rhun_north_camp Rhun_Northern_Outpost 4220022 0 0 27 0 0 0 0 0 -87.500000 -240.600000 -87.500000 -240.600000 -87.500000 -240.600000 0.0 0 
2.967060
 1 73 73 p_town_gundabad_camp Gundabad_Orc_Camp 4220024 0 0 27 0 0 0 0 0 -18.100000 -234.500000 -18.100000 -234.500000 -18.100000 -234.500000 0.0 0 
2.967060
 1 74 74 p_town_gundabad_ne_outpost Gundabad_NE_Outpost 4220024 0 0 27 0 0 0 0 0 -65.100000 -246.100000 -65.100000 -246.100000 -65.100000 -246.100000 0.0 0 
2.967060
 1 75 75 p_town_gundabad_nw_outpost Gundabad_NW_Outpost 4220024 0 0 27 0 0 0 0 0 -44.200000 -243.600000 -44.200000 -243.600000 -44.200000 -243.600000 0.0 0 
2.967060
 1 76 76 p_town_goblin_north_outpost Goblin_Northern_Outpost 4220024 0 0 27 0 0 0 0 0 -14.400000 -213.300000 -14.400000 -213.300000 -14.400000 -213.300000 0.0 0 
2.967060
 1 77 77 p_town_goblin_south_outpost Goblin_Southern_Outpost 4220024 0 0 27 0 0 0 0 0 -14.200000 -194.000000 -14.200000 -194.000000 -14.200000 -194.000000 0.0 0 
2.967060
 1 78 78 p_town_gundabad_mirkwood_outpost Gundabad_Mirkwood_Outpost 4220024 0 0 27 0 0 0 0 0 -52.600000 -217.000000 -52.600000 -217.000000 -52.600000 -217.000000 0.0 0 
2.967060
 1 79 79 p_town_erebor Erebor 4220020 0 0 27 0 0 0 0 0 -78.700000 -226.400000 -78.700000 -226.400000 -78.700000 -226.400000 0.0 0 
2.268928
 1 80 80 p_town_ironhill_camp Iron_Hill_Dwarf_Camp 4219976 0 0 27 0 0 0 0 0 -73.600000 -238.300000 -73.600000 -238.300000 -73.600000 -238.300000 0.0 0 
2.967060
 1 81 81 p_castle_1 Ethring 4220235 0 0 27 0 0 0 0 0 -2.200000 30.900000 -2.200000 30.900000 -2.200000 30.900000 0.0 0 
0.872665
 1 82 82 p_argonath argonath 541785 0 0 27 0 0 0 0 0 -34.883472 -51.047958 -34.883472 -51.047958 -34.883472 -51.047958 0.0 0 
3.141593
 1 83 83 p_argonath2 argonath 541785 0 0 27 0 0 0 0 0 -36.795536 -51.047958 -36.795536 -51.047958 -36.795536 -51.047958 0.0 0 
3.141593
 1 84 84 p_hand_isen hand_isen 541804 0 0 27 0 0 0 0 0 51.886200 -52.610794 51.886200 -52.610794 51.886200 -52.610794 0.0 0 
3.228859
 1 85 85 p_mount_doom Mount_Doom 541788 0 0 27 0 0 0 0 0 -109.411041 1.567230 -109.411041 1.567230 -109.411041 1.567230 0.0 0 
2.967060
 1 86 86 p_salt_mine Salt_Mine 2114885 0 0 27 0 0 0 0 0 6.004257 -11.482468 6.004257 -11.482468 6.004257 -11.482468 0.0 0 
0.000000
 1 87 87 p_four_ways_inn Four_Ways_Inn 2114885 0 0 27 0 0 0 0 0 -24.064327 1.070496 -24.064327 1.070496 -24.064327 1.070496 0.0 0 
0.000000
 1 88 88 p_test_scene test_scene 2114885 0 0 27 0 0 0 0 0 4.077255 -12.735809 4.077255 -12.735809 4.077255 -12.735809 0.0 0 
0.000000
 1 89 89 p_battlefields battlefields 2114885 0 0 27 0 0 0 0 0 4.255280 -10.009171 4.255280 -10.009171 4.255280 -10.009171 0.0 0 
0.000000
 1 90 90 p_dhorak_keep Dhorak_Keep 2639171 0 0 27 0 0 0 0 0 0.314220 -10.163879 0.314220 -10.163879 0.314220 -10.163879 0.0 0 
0.000000
 1 91 91 p_training_ground Training_Ground 2098519 0 0 27 0 0 0 0 0 2.189980 -6.471909 2.189980 -6.471909 2.189980 -6.471909 0.0 0 
0.000000
 1 92 92 p_training_ground_1 Training_Field 2098519 0 0 27 0 0 0 0 0 39.999908 62.778122 39.999908 62.778122 39.999908 62.778122 0.0 0 
1.745329
 1 93 93 p_training_ground_2 Training_Field 2098519 0 0 27 0 0 0 0 0 -31.935398 57.532211 -31.935398 57.532211 -31.935398 57.532211 0.0 0 
1.745329
 1 94 94 p_training_ground_3 Training_Field 2098519 0 0 27 0 0 0 0 0 53.349197 18.407715 53.349197 18.407715 53.349197 18.407715 0.0 0 
1.745329
 1 95 95 p_training_ground_4 Training_Field 2098519 0 0 27 0 0 0 0 0 -2.176975 -68.801270 -2.176975 -68.801270 -2.176975 -68.801270 0.0 0 
1.745329
 1 96 96 p_training_ground_5 Training_Field 2098519 0 0 27 0 0 0 0 0 -16.855721 -30.506454 -16.855721 -30.506454 -16.855721 -30.506454 0.0 0 
1.745329
 1 97 97 p_looter_spawn_point looter_sp 1280 0 0 2 0 0 0 0 0 29.273674 79.890099 29.273674 79.890099 29.273674 79.890099 0.0 1 420 15 0 0 
0.000000
 1 98 98 p_steppe_bandit_spawn_point steppe_bandit_sp 1280 0 0 2 0 0 0 0 0 27.303375 -60.205627 27.303375 -60.205627 27.303375 -60.205627 0.0 1 420 15 0 0 
0.000000
 1 99 99 p_forest_bandit_spawn_point forest_bandit_sp 1280 0 0 2 0 0 0 0 0 -37.252506 6.916382 -37.252506 6.916382 -37.252506 6.916382 0.0 1 420 15 0 0 
0.000000
 1 100 100 p_mountain_bandit_spawn_point mountain_bandit_sp 1280 0 0 2 0 0 0 0 0 39.789207 26.066040 39.789207 26.066040 39.789207 26.066040 0.0 1 420 15 0 0 
0.000000
 1 101 101 p_sea_raider_spawn_point_1 sea_raider_sp 1280 0 0 2 0 0 0 0 0 -7.249706 -5.009750 -7.249706 -5.009750 -7.249706 -5.009750 0.0 1 420 15 0 0 
0.000000
 1 102 102 p_sea_raider_spawn_point_2 sea_raider_sp 1280 0 0 2 0 0 0 0 0 49.033096 45.023560 49.033096 45.023560 49.033096 45.023560 0.0 1 420 15 0 0 
0.000000
 1 103 103 p_gondor_test gondor_test_sp 1280 0 0 2 0 0 0 0 0 -7.509827 -5.265762 -7.509827 -5.265762 -7.509827 -5.265762 0.0 1 420 15 0 0 
0.000000
 1 104 104 p_mordor_test mordor_test_sp 1280 0 0 2 0 0 0 0 0 -7.312775 -4.991470 -7.312775 -4.991470 -7.312775 -4.991470 0.0 1 420 15 0 0 
0.000000
 1 105 105 p_gondor_allies_test gondor_allies_test_sp 1280 0 0 2 0 0 0 0 0 -7.500393 -5.082901 -7.500393 -5.082901 -7.500393 -5.082901 0.0 1 420 15 0 0 
0.000000
 1 106 106 p_isengard_test isengard_test_sp 1280 0 0 2 0 0 0 0 0 -7.317505 -5.082901 -7.317505 -5.082901 -7.317505 -5.082901 0.0 1 420 15 0 0 
0.000000
 1 107 107 p_isen_rohan isen_rohan_sp 1280 0 0 2 0 0 0 0 0 34.842987 -27.865891 34.842987 -27.865891 34.842987 -27.865891 0.0 1 420 15 0 0 
0.000000
 1 108 108 p_mordor_gondor mordor_gondor_sp 1280 0 0 2 0 0 0 0 0 30.825653 -23.388062 30.825653 -23.388062 30.825653 -23.388062 0.0 1 420 15 0 0 
0.000000
 1 109 109 p_harad_gondor harad_gondor_sp 1280 0 0 2 0 0 0 0 0 37.227943 -30.542084 37.227943 -30.542084 37.227943 -30.542084 0.0 1 420 15 0 0 
0.000000
 1 110 110 p_corsair_gondor corsair_gondor_sp 1280 0 0 2 0 0 0 0 0 -7.312775 -4.991470 -7.312775 -4.991470 -7.312775 -4.991470 0.0 1 420 15 0 0 
0.000000
 1 111 111 p_rhun_gondor rhun_gondor_sp 1280 0 0 2 0 0 0 0 0 -7.312775 -4.991470 -7.312775 -4.991470 -7.312775 -4.991470 0.0 1 420 15 0 0 
0.000000
 1 112 112 p_khand_gondor khand_gondor_sp 1280 0 0 2 0 0 0 0 0 -7.312775 -4.991470 -7.312775 -4.991470 -7.312775 -4.991470 0.0 1 420 15 0 0 
0.000000
 1 113 113 p_lorien_moria lorien_moria_sp 1280 0 0 2 0 0 0 0 0 -7.312775 -4.991470 -7.312775 -4.991470 -7.312775 -4.991470 0.0 1 420 15 0 0 
0.000000
 1 114 114 p_gunda_woodelves gunda_woodelves_sp 1280 0 0 2 0 0 0 0 0 -7.312775 -4.991470 -7.312775 -4.991470 -7.312775 -4.991470 0.0 1 420 15 0 0 
0.000000
 1 115 115 p_gunda_dwarves gunda_dwarves_sp 1280 0 0 2 0 0 0 0 0 -7.312775 -4.991470 -7.312775 -4.991470 -7.312775 -4.991470 0.0 1 420 15 0 0 
0.000000
 1 116 116 p_spawn_points_end last_spawn_point 1280 0 0 1 0 0 0 0 0 -7.746731 1.880096 -7.746731 1.880096 -7.746731 1.880096 0.0 1 420 15 0 0 
0.000000
 1 117 117 p_pointer_player bug 2621696 0 0 27 0 0 0 0 0 0.314220 -10.163879 0.314220 -10.163879 0.314220 -10.163879 0.0 0 
0.000000
 1 118 118 p_pointer_z_0_steppe bug 2622720 0 0 27 0 0 0 0 0 -209.450211 88.843483 -209.450211 88.843483 -209.450211 88.843483 0.0 0 
0.000000
 1 119 119 p_pointer_z_0_plain bug 2622720 0 0 27 0 0 0 0 0 -209.402191 84.070091 -209.402191 84.070091 -209.402191 84.070091 0.0 0 
0.000000
 1 120 120 p_pointer_z_0_snow bug 2622720 0 0 27 0 0 0 0 0 -209.357376 79.792992 -209.357376 79.792992 -209.357376 79.792992 0.0 0 
0.000000
 1 121 121 p_pointer_z_0_desert bug 2622720 0 0 27 0 0 0 0 0 -209.314194 75.815643 -209.314194 75.815643 -209.314194 75.815643 0.0 0 
0.000000
 1 122 122 p_pointer_z_0_steppe_forest bug 2622720 0 0 27 0 0 0 0 0 -212.439072 88.843483 -212.439072 88.843483 -212.439072 88.843483 0.0 0 
0.000000
 1 123 123 p_pointer_z_0_plain_forest bug 2622720 0 0 27 0 0 0 0 0 -212.390060 84.070091 -212.390060 84.070091 -212.390060 84.070091 0.0 0 
0.000000
 1 124 124 p_pointer_z_0_snow_forest bug 2622720 0 0 27 0 0 0 0 0 -212.344360 79.792992 -212.344360 79.792992 -212.344360 79.792992 0.0 0 
0.000000
 1 125 125 p_pointer_z_0_desert_forest bug 2622720 0 0 27 0 0 0 0 0 -212.300293 75.815643 -212.300293 75.815643 -212.300293 75.815643 0.0 0 
0.000000
