simple_triggers_file version 1
74
-6.000000  0 
-5.000000  0 
1.000000  8 32 2 144115188075856031 0 32 2 144115188075856020 0 30 2 144115188075856028 1 2270 1 1224979098644774912 31 2 144115188075856027 0 30 2 1224979098644774912 144115188075856032 2147485921 0 1030 3 0 0 0 
0.000000  4 31 2 144115188075856050 1 32 2 144115188075855914 0 132 1 144115188075855914 1623 3 648518346341351424 144115188075855914 0 
0.000000  40 4 0 32 2 144115188075856042 0 1680 2 1224979098644774912 144115188075856042 32 2 1224979098644774912 0 2204 2 1224979098644774913 144115188075856042 2190 3 1224979098644774914 1224979098644774913 432345564227567637 2204 2 1224979098644774915 1224979098644774912 2190 3 1224979098644774916 1224979098644774915 432345564227567637 30 2 1224979098644774914 0 2147483678 2 1224979098644774916 0 1300 1 144115188075856042 1030 3 0 0 0 5 0 2270 1 1224979098644774917 2133 2 1224979098644774918 0 4 0 2147483679 2 144115188075856292 0 30 2 1224979098644774917 144115188075856292 2133 2 1224979098644774918 1 2133 2 144115188075856292 0 3 0 1073741855 2 1224979098644774918 1 37 0 4 0 30 2 144115188075855913 1 2060 1 144115188075855913 2133 2 144115188075855913 -1 5 0 30 2 144115188075855929 1 1300 1 144115188075855929 5 0 30 2 144115188075856031 1 1300 1 144115188075856031 5 0 30 2 144115188075855976 1 2133 2 144115188075855976 0 2133 2 144115188075855975 0 1106 1 1585267068834415192 3 0 3 0 
0.000000  19 560 3 360287970189640464 0 1 520 3 1224979098644774912 360287970189640464 0 520 3 144115188075856301 360287970189640465 0 520 3 144115188075856302 360287970189640466 0 2060 1 1224979098644774912 2133 2 1224979098644774913 2 6 3 1224979098644774914 1 1224979098644774913 4 0 560 3 360287970189640464 1224979098644774914 1 2105 2 1224979098644774913 1 3 0 2121 3 1224979098644774915 1224979098644774914 1 520 3 1224979098644774916 360287970189640464 1224979098644774914 500 3 360287970189640464 1224979098644774915 1224979098644774916 520 3 1224979098644774916 360287970189640465 1224979098644774914 500 3 360287970189640465 1224979098644774915 1224979098644774916 520 3 1224979098644774916 360287970189640466 1224979098644774914 500 3 360287970189640466 1224979098644774915 1224979098644774916 3 0 
1.000000  2 37 0 1 2 936748722493063521 65536 
96.400000  1 1 1 936748722493063192 
24.000000  13 1 1 936748722493063175 6 3 1224979098644774912 648518346341351444 648518346341351522 6 3 1224979098644774913 32 40 2120 3 1224979098644774914 200 1224979098644774913 501 3 1224979098644774912 1224979098644774914 0 3 0 3 0 6 3 1224979098644774915 360287970189640212 360287970189640273 500 3 1224979098644774915 18 0 3 0 6 3 1224979098644774915 360287970189640274 360287970189640449 500 3 1224979098644774915 18 0 3 0 
4.150000  5 4 0 2136 3 1224979098644774912 1 101 2147483678 2 1224979098644774912 10 1 1 936748722493063193 3 0 
180.000000  2 2106 2 144115188075856247 1 2111 2 144115188075856247 0 
24.000000  17 1 1 936748722493063350 2133 2 1224979098644774912 72057594037927936 1671 2 1224979098644774913 648518346341351424 2121 3 1224979098644774914 1224979098644774912 1224979098644774913 2123 3 1224979098644774915 1224979098644774914 5 2122 3 1224979098644774916 1224979098644774915 5 4 0 2147483679 2 1224979098644774916 1224979098644774914 4 0 32 2 1224979098644774914 0 2105 2 1224979098644774915 1 5 0 2106 2 1224979098644774915 1 3 0 3 0 2105 2 1224979098644774913 1224979098644774915 1672 2 648518346341351424 1224979098644774913 
168.000000  13 6 3 1224979098644774912 648518346341351444 648518346341351522 132 1 1224979098644774912 1651 2 1224979098644774913 1224979098644774912 7 3 1224979098644774914 0 1224979098644774913 1656 3 1224979098644774915 1224979098644774912 1224979098644774914 2147485155 1 1224979098644774915 1657 3 1224979098644774916 1224979098644774912 1224979098644774914 2136 3 1224979098644774917 0 40 2107 2 1224979098644774916 1224979098644774917 2108 2 1224979098644774916 100 1616 3 1224979098644774912 1224979098644774915 1224979098644774916 3 0 3 0 
24.000000  21 6 3 1224979098644774912 360287970189640212 360287970189640273 520 3 1224979098644774913 1224979098644774912 10 30 2 1224979098644774913 1 132 1 1224979098644774913 541 3 1224979098644774913 0 13 1694 2 1224979098644774914 1224979098644774913 33 3 1224979098644774914 648518346341351444 648518346341351522 541 3 1224979098644774914 54 -1 1 2 936748722493063321 1224979098644774912 3 0 6 3 1224979098644774915 648518346341351444 648518346341351522 132 1 1224979098644774915 2147484189 3 1224979098644774915 7 360287970189639680 561 3 1224979098644774915 7 1 541 3 1224979098644774915 260 0 1 2 936748722493063203 1224979098644774915 521 3 1224979098644774916 1224979098644774915 257 1601 2 1224979098644774917 1224979098644774915 32 2 1224979098644774916 1224979098644774917 1 2 936748722493063320 1224979098644774915 3 0 
360.000000  13 6 3 1224979098644774912 648518346341351444 648518346341351522 132 1 1224979098644774912 1 2 936748722493063484 1224979098644774912 2133 2 1224979098644774913 72057594037927936 521 3 1224979098644774914 1224979098644774912 50 4 0 32 2 1224979098644774914 1224979098644774913 1 3 936748722493063483 1224979098644774912 -1 5 0 2147483678 2 1224979098644774914 1224979098644774913 1 3 936748722493063483 1224979098644774912 1 3 0 3 0 
6.000000  20 2272 1 1224979098644774912 4 0 2147483679 2 1224979098644774912 144115188075856303 2133 2 144115188075856303 1224979098644774912 4 0 31 2 144115188075856304 1 2105 2 144115188075856246 1 3 0 2133 2 144115188075856304 1 3 0 2133 2 1224979098644774913 0 4 0 2147483685 0 30 2 144115188075856042 0 1073742365 3 144115188075856042 130 1 33 3 144115188075856042 648518346341351444 648518346341351522 2133 2 1224979098644774913 1 3 0 31 2 1224979098644774913 0 2133 2 144115188075856304 0 
48.000000  18 6 3 1224979098644774912 360287970189640212 360287970189640273 2136 3 1224979098644774913 0 100 2147483678 2 1224979098644774913 30 520 3 1224979098644774914 1224979098644774912 10 32 2 1224979098644774914 648518346341351522 132 1 1224979098644774914 2170 3 1224979098644774915 17 1224979098644774912 2105 2 1224979098644774915 2 2122 3 1224979098644774916 1224979098644774915 500 1673 2 1224979098644774914 1224979098644774916 3 0 6 3 1224979098644774917 648518346341351444 648518346341351522 132 1 1224979098644774917 2136 3 1224979098644774913 0 100 2147483678 2 1224979098644774913 10 521 3 1224979098644774918 1224979098644774917 7 2147483679 2 1224979098644774918 360287970189639680 3 0 
36.000000  1 2133 2 144115188075855917 1 
0.000000  4 31 2 144115188075855917 1 30 2 144115188075855881 1 2133 2 144115188075855917 0 1 1 936748722493063540 
24.000000  27 6 3 1224979098644774912 432345564227567619 432345564227567638 1 2 936748722493063545 1224979098644774912 3 0 6 3 1224979098644774912 432345564227567619 432345564227567638 562 3 1224979098644774912 150 1 522 3 1224979098644774913 1224979098644774912 153 522 3 1224979098644774914 1224979098644774912 148 6 3 1224979098644774915 648518346341351444 648518346341351522 132 1 1224979098644774915 2204 2 1224979098644774916 1224979098644774915 31 2 1224979098644774916 1224979098644774912 541 3 1224979098644774915 260 0 541 3 1224979098644774915 54 -1 521 3 1224979098644774917 1224979098644774915 256 4 0 31 2 144115188075855881 0 2108 2 1224979098644774917 2 2119 3 1224979098644774918 1224979098644774917 5 2106 2 1224979098644774917 1224979098644774918 3 0 2105 2 1224979098644774913 1224979098644774917 2105 2 1224979098644774914 1224979098644774917 3 0 2110 2 1224979098644774913 9999 502 3 1224979098644774912 153 1224979098644774913 502 3 1224979098644774912 148 1224979098644774914 3 0 
3.000000  5 4 0 30 2 144115188075855881 1 1 1 936748722493063541 1 1 936748722493063559 3 0 
2.000000  1 1 1 936748722493063550 
24.000000  4 4 0 30 2 144115188075855881 1 1 1 936748722493063334 3 0 
10.000000  46 6 3 1224979098644774912 360287970189640212 360287970189640273 2133 2 1224979098644774913 1 520 3 1224979098644774914 1224979098644774912 10 4 0 32 2 1224979098644774914 0 132 1 1224979098644774914 521 3 1224979098644774915 1224979098644774914 30 30 2 1224979098644774915 0 2204 2 1224979098644774916 1224979098644774914 522 3 1224979098644774917 1224979098644774916 7 30 2 1224979098644774917 0 520 3 1224979098644774918 1224979098644774917 10 31 2 1224979098644774915 1224979098644774918 2133 2 1224979098644774913 -1 3 0 520 3 1224979098644774919 1224979098644774912 57 2105 2 1224979098644774919 1224979098644774913 2112 3 1224979098644774919 0 100 500 3 1224979098644774912 57 1224979098644774919 2133 2 1224979098644774913 1 4 0 32 2 1224979098644774914 0 2173 2 1224979098644774920 1224979098644774912 31 2 1224979098644774920 432345564227567637 2147484188 3 1224979098644774912 16 -1 521 3 1224979098644774921 1224979098644774914 4 521 3 1224979098644774922 1224979098644774914 5 4 0 540 3 1224979098644774912 16 1224979098644774921 540 3 1224979098644774912 17 1224979098644774922 2133 2 1224979098644774913 -1 5 0 500 3 1224979098644774912 16 -1 500 3 1224979098644774912 17 -1 3 0 3 0 520 3 1224979098644774919 1224979098644774912 58 2105 2 1224979098644774919 1224979098644774913 2112 3 1224979098644774919 0 100 500 3 1224979098644774912 58 1224979098644774919 4 0 2147483678 2 1224979098644774919 10 500 3 1224979098644774912 16 -1 500 3 1224979098644774912 17 -1 3 0 3 0 
3.000000  1 1 1 936748722493063336 
3.000000  136 2270 1 1224979098644774912 6 3 1224979098644774913 648518346341351444 648518346341351522 521 3 1224979098644774914 1224979098644774913 54 32 2 1224979098644774914 0 132 1 1224979098644774914 2204 2 1224979098644774915 1224979098644774914 561 3 1224979098644774913 54 1 521 3 1224979098644774916 1224979098644774913 64 2121 3 1224979098644774916 1224979098644774912 1224979098644774916 2133 2 1224979098644774917 0 2133 2 1224979098644774918 0 2133 2 1224979098644774919 0 2133 2 1224979098644774920 0 6 3 1224979098644774921 360287970189640212 360287970189640273 540 3 1224979098644774921 2 2 2147484208 3 1224979098644774921 8 0 520 3 1224979098644774922 1224979098644774921 10 32 2 1224979098644774922 0 2173 2 1224979098644774923 1224979098644774921 31 2 1224979098644774923 1224979098644774915 2133 2 1224979098644774924 0 4 0 541 3 1224979098644774922 4 1 541 3 1224979098644774922 5 1224979098644774913 2133 2 1224979098644774924 1 5 0 521 3 1224979098644774925 1224979098644774922 30 32 2 1224979098644774925 0 132 1 1224979098644774925 541 3 1224979098644774925 4 1 541 3 1224979098644774925 5 1224979098644774913 2133 2 1224979098644774924 1 3 0 31 2 1224979098644774924 1 1680 2 1224979098644774926 1224979098644774922 3221225502 2 1224979098644774926 0 31 2 1224979098644774926 1224979098644774913 4 0 542 3 1224979098644774915 7 1224979098644774921 2133 2 1224979098644774920 1 3 0 1 2 936748722493063245 1224979098644774922 2105 2 1224979098644774919 72057594037927936 3 0 4 0 32 2 1224979098644774919 0 1662 2 1224979098644774913 648518346341351439 1 2 936748722493063245 648518346341351439 2133 2 1224979098644774927 72057594037927936 4 0 31 2 144115188075855929 1224979098644774913 31 2 144115188075856050 0 1 2 936748722493063245 648518346341351424 2105 2 1224979098644774927 72057594037927936 2107 2 1224979098644774919 2 3 0 521 3 1224979098644774928 1224979098644774913 65 2105 2 1224979098644774928 100 2107 2 1224979098644774927 1224979098644774928 2108 2 1224979098644774927 100 2111 2 1224979098644774927 1 4 0 31 2 1224979098644774920 1 31 2 1224979098644774915 144115188075855986 200 1 504403158265495570 2107 2 1224979098644774919 2 3 0 2122 3 1224979098644774929 1224979098644774919 100 2108 2 1224979098644774929 1224979098644774927 2121 3 1224979098644774930 1224979098644774929 300 4 0 32 2 1224979098644774930 -100 2123 3 1224979098644774931 1224979098644774916 3 2105 2 1224979098644774930 1224979098644774931 3 0 2108 2 1224979098644774930 5 2111 2 1224979098644774930 0 2121 3 1224979098644774932 200 1224979098644774929 2111 2 1224979098644774932 0 4 0 2136 3 1224979098644774933 0 100 2147483678 2 1224979098644774933 1224979098644774930 32 2 1224979098644774916 24 2133 2 1224979098644774917 1 5 0 2136 3 1224979098644774933 0 100 2147483678 2 1224979098644774933 1224979098644774932 2133 2 1224979098644774918 1 3 0 5 0 2133 2 1224979098644774918 1 3 0 4 0 31 2 1224979098644774917 1 6 3 1224979098644774921 360287970189640212 360287970189640273 540 3 1224979098644774921 2 2 2147484208 3 1224979098644774921 8 0 520 3 1224979098644774922 1224979098644774921 10 32 2 1224979098644774922 0 2133 2 1224979098644774924 0 4 0 541 3 1224979098644774922 4 1 541 3 1224979098644774922 5 1224979098644774913 541 3 1224979098644774922 8 0 2133 2 1224979098644774924 1 5 0 521 3 1224979098644774925 1224979098644774922 30 32 2 1224979098644774925 0 132 1 1224979098644774925 541 3 1224979098644774925 4 1 541 3 1224979098644774925 5 1224979098644774913 1 4 936748722493063546 1224979098644774922 1 1224979098644774913 2133 2 1224979098644774924 1 3 0 31 2 1224979098644774924 1 1640 2 1224979098644774922 4 1641 2 1224979098644774922 1224979098644774913 1603 3 1224979098644774922 65536 1 501 3 1224979098644774922 8 1 3 0 5 0 31 2 1224979098644774918 1 6 3 1224979098644774921 360287970189640212 360287970189640273 540 3 1224979098644774921 2 2 2147484208 3 1224979098644774921 8 0 520 3 1224979098644774922 1224979098644774921 10 32 2 1224979098644774922 0 541 3 1224979098644774922 4 1 541 3 1224979098644774922 5 1224979098644774913 541 3 1224979098644774922 8 1 1 4 936748722493063546 1224979098644774922 -1 -1 1 4 936748722493063546 1224979098644774922 1 1224979098644774913 501 3 1224979098644774913 64 1224979098644774912 3 0 3 0 3 0 
12.000000  6 6 3 1224979098644774912 360287970189640212 360287970189640273 500 3 1224979098644774912 20 0 3 0 6 3 1224979098644774912 360287970189640409 360287970189640448 500 3 1224979098644774912 20 0 3 0 
0.100000  29 6 3 1224979098644774912 360287970189640212 360287970189640273 540 3 1224979098644774912 2 2 520 3 1224979098644774913 1224979098644774912 10 30 2 1224979098644774913 1 1694 2 1224979098644774914 1224979098644774913 2147483678 2 1224979098644774914 1 1665 2 1224979098644774915 1224979098644774913 33 3 1224979098644774915 648518346341351444 648518346341351522 1 3 936748722493063319 1224979098644774915 1224979098644774913 4 0 30 2 72057594037927936 0 1660 2 1224979098644774913 1224979098644774915 5 0 1640 2 1224979098644774913 0 3 0 4 0 1073742365 3 1224979098644774915 0 3 541 3 1224979098644774915 0 2 2204 2 1224979098644774916 1224979098644774913 2204 2 1224979098644774917 1224979098644774915 31 2 1224979098644774916 1224979098644774917 1651 2 1224979098644774918 1224979098644774913 32 2 1224979098644774918 0 2133 2 144115188075855899 1 1 3 936748722493063258 1224979098644774915 1224979098644774913 2133 2 144115188075855899 1 1 2 936748722493063254 1224979098644774913 3 0 3 0 
48.000000  10 1 3 936748722493063504 648518346341351424 50 6 3 1224979098644774912 648518346341351444 648518346341351522 132 1 1224979098644774912 2133 2 1224979098644774913 30 4 0 541 3 1224979098644774912 135 1 2133 2 1224979098644774913 5 3 0 1 3 936748722493063504 1224979098644774912 1224979098644774913 3 0 
24.000000  16 6 3 1224979098644774912 360287970189640212 360287970189640273 540 3 1224979098644774912 2 2 2147484208 3 1224979098644774912 8 0 2147484208 3 1224979098644774912 10 1 2173 2 1224979098644774913 1224979098644774912 4 0 542 3 1224979098644774913 21 0 1 3 936748722493063285 1224979098644774913 1224979098644774912 2133 2 1224979098644774914 72057594037927936 1 3 936748722493063558 1224979098644774912 1224979098644774914 1660 2 144115188075856300 1224979098644774914 5 0 2147484190 3 1224979098644774913 21 0 500 3 1224979098644774912 55 432345564227567617 3 0 3 0 
72.000000  1 1 1 936748722493063241 
8.000000  52 11 1 1224979098644774912 541 3 1224979098644774912 0 11 2133 2 72057594037927936 1224979098644774912 131 1 1224979098644774912 2204 2 1224979098644774913 1224979098644774912 522 3 1224979098644774914 1224979098644774913 82 4 0 2147483680 2 1224979098644774914 0 1232 1 1224979098644774912 5 0 2136 3 1224979098644774915 0 100 2147483678 2 1224979098644774915 35 1665 2 1224979098644774916 1224979098644774912 2133 2 1224979098644774917 1 4 0 33 3 1224979098644774916 648518346341351444 648518346341351522 2147484189 3 1224979098644774916 54 -1 2133 2 1224979098644774917 0 3 0 31 2 1224979098644774917 1 2133 2 1224979098644774918 0 4 0 521 3 1224979098644774919 1224979098644774912 4 31 2 1224979098644774919 13 521 3 1224979098644774920 1224979098644774912 5 31 2 1224979098644774916 1224979098644774920 2133 2 1224979098644774918 1 3 0 2133 2 1224979098644774921 -1 4 0 31 2 144115188075855941 1224979098644774912 2147483778 2 1224979098644774912 144115188075855940 2133 2 1224979098644774921 144115188075855940 5 0 1 3 936748722493063288 1224979098644774916 1224979098644774913 2133 2 1224979098644774921 72057594037927936 31 2 1224979098644774921 -1 1232 1 1224979098644774912 3 0 33 3 1224979098644774921 648518346341351444 648518346341351522 2147483778 2 1224979098644774912 1224979098644774921 4 0 31 2 1224979098644774918 1 1 3 936748722493063243 1224979098644774912 1224979098644774916 3 0 1640 2 1224979098644774912 1 1641 2 1224979098644774912 1224979098644774921 1603 3 1224979098644774912 65536 0 501 3 1224979098644774912 4 13 501 3 1224979098644774912 5 1224979098644774921 3 0 3 0 
2.000000  9 6 3 1224979098644774912 648518346341351522 648518346341351522 541 3 1224979098644774912 54 -1 521 3 1224979098644774913 1224979098644774912 53 2105 2 1224979098644774913 100 1 2 936748722493063329 1224979098644774912 2133 2 1224979098644774914 72057594037927936 2110 2 1224979098644774913 1224979098644774914 501 3 1224979098644774912 53 1224979098644774913 3 0 
0.500000  48 6 3 1224979098644774912 360287970189640212 360287970189640273 540 3 1224979098644774912 2 2 520 3 1224979098644774913 1224979098644774912 10 32 2 1224979098644774913 0 4 0 132 1 1224979098644774913 4 0 2293 2 1224979098644774914 1224979098644774913 31 2 1224979098644774914 5 2204 2 1224979098644774915 1224979098644774913 521 3 1224979098644774916 1224979098644774913 30 522 3 1224979098644774917 1224979098644774915 7 2147483679 2 1224979098644774917 1224979098644774912 2133 2 1224979098644774918 1 4 0 30 2 1224979098644774917 0 520 3 1224979098644774919 1224979098644774917 10 30 2 1224979098644774919 0 31 2 1224979098644774916 1224979098644774919 2133 2 1224979098644774918 0 3 0 4 0 2270 1 1224979098644774920 561 3 1224979098644774913 32 1224979098644774920 2133 2 1224979098644774918 0 3 0 31 2 1224979098644774918 1 2133 2 1224979098644774921 0 6 3 1224979098644774922 648518346341351444 648518346341351522 132 1 1224979098644774922 31 2 1224979098644774921 0 541 3 1224979098644774922 54 -1 2204 2 1224979098644774923 1224979098644774922 2190 3 1224979098644774924 1224979098644774923 1224979098644774915 32 2 1224979098644774924 0 2281 3 1224979098644774925 1224979098644774913 1224979098644774922 2147483678 2 1224979098644774925 20 1625 2 1 1224979098644774913 1625 2 2 1224979098644774922 2147484361 2 2 1 1 4 936748722493063546 1224979098644774913 14 1224979098644774922 2133 2 1224979098644774921 1 3 0 3 0 5 0 500 3 1224979098644774912 10 -1 3 0 3 0 
0.500000  45 2270 1 1224979098644774912 2119 3 1224979098644774913 1224979098644774912 11 2121 3 1224979098644774914 1224979098644774912 5 1601 2 1224979098644774915 648518346341351424 1602 2 1224979098644774916 648518346341351424 2105 2 1224979098644774915 1224979098644774916 2130 1 1224979098644774915 2125 2 1224979098644774917 1224979098644774915 2131 1 1224979098644774917 4 0 31 2 1224979098644774913 0 6 3 1224979098644774918 432345564227567619 432345564227567638 522 3 1224979098644774919 1224979098644774918 30 2106 2 1224979098644774919 1 2111 2 1224979098644774919 0 502 3 1224979098644774918 30 1224979098644774919 3 0 3 0 31 2 144115188075856050 0 6 3 1224979098644774920 648518346341351444 648518346341351522 132 1 1224979098644774920 2204 2 1224979098644774918 1224979098644774920 2190 3 1224979098644774921 1224979098644774918 432345564227567637 2147483678 2 1224979098644774921 0 2281 3 1224979098644774922 648518346341351424 1224979098644774920 2147483678 2 1224979098644774922 5 2122 3 1224979098644774923 1224979098644774922 1224979098644774922 2121 3 1224979098644774924 20 1224979098644774923 2121 3 1224979098644774925 20 1224979098644774921 2122 3 1224979098644774926 1224979098644774924 1224979098644774925 2107 2 1224979098644774926 1224979098644774917 2123 3 1224979098644774927 1224979098644774926 10 2136 3 1224979098644774928 0 1000 2147483678 2 1224979098644774928 1224979098644774927 522 3 1224979098644774919 1224979098644774918 30 2105 2 1224979098644774919 1 2110 2 1224979098644774919 100 502 3 1224979098644774918 30 1224979098644774919 4 0 2147484209 3 1224979098644774920 42 1224979098644774914 2342 2 1 1224979098644774920 1106 1 1585267068834415193 501 3 1224979098644774920 42 1224979098644774912 3 0 3 0 
5.000000  4 1 2 936748722493063276 648518346341351424 2133 2 1224979098644774912 72057594037927936 32 2 1224979098644774912 0 1 2 936748722493063433 1224979098644774912 
14.000000  37 31 2 144115188075856050 0 1650 2 1224979098644774912 648518346341351424 2133 2 1224979098644774913 0 6 3 1224979098644774914 0 1224979098644774912 1653 3 1224979098644774915 648518346341351424 1224979098644774914 2105 2 1224979098644774913 1224979098644774915 3 0 2108 2 1224979098644774913 3 4 0 31 2 1224979098644774913 0 2105 2 1224979098644774913 1 3 0 2133 2 1224979098644774916 1224979098644774913 2133 2 1224979098644774917 0 6 3 1224979098644774918 0 1224979098644774916 2133 2 1224979098644774919 0 6 3 1224979098644774920 288230376151711754 288230376151711761 507 3 1224979098644774920 0 0 1 3 936748722493063349 1224979098644774920 41 2105 2 1224979098644774919 1 3 0 4 0 32 2 1224979098644774919 0 2136 3 1224979098644774921 0 1224979098644774919 1 2 936748722493063432 1224979098644774921 5 0 31 2 1224979098644774917 0 1106 2 1585267068834415194 16711680 1 2 936748722493063348 -3 2133 2 1224979098644774917 1 4 0 1 2 936748722493063273 648518346341351424 32 2 72057594037927936 0 1 3 936748722493063489 2 216172782113784367 3 0 3 0 3 0 
24.000000  15 1540 2 1224979098644774912 360287970189639680 6 3 1224979098644774913 0 1224979098644774912 1541 3 1224979098644774914 360287970189639680 1224979098644774913 31 2 1224979098644774914 288230376151711760 1542 3 1224979098644774915 360287970189639680 1224979098644774913 4 0 30 2 1224979098644774915 37 2147483678 2 1224979098644774915 41 2105 2 1224979098644774915 1 1544 3 360287970189639680 1224979098644774913 1224979098644774915 5 0 2147483678 2 1224979098644774915 37 1544 3 360287970189639680 1224979098644774913 37 3 0 3 0 
0.000000  56 1541 3 1224979098644774912 360287970189639680 8 4 0 1541 3 72057594037927941 360287970189639680 0 2111 2 72057594037927941 0 1570 2 72057594037927941 72057594037927941 2133 2 1224979098644774913 0 2147483681 3 72057594037927941 2 3 2133 2 1224979098644774913 1 2147483681 3 72057594037927941 8 10 1541 3 72057594037927941 360287970189639680 1 2111 2 72057594037927941 0 1570 2 72057594037927941 72057594037927941 2133 2 1224979098644774913 0 2147483681 3 72057594037927941 2 3 2133 2 1224979098644774913 1 2147483681 3 72057594037927941 8 10 1541 3 72057594037927941 360287970189639680 2 2111 2 72057594037927941 0 1570 2 72057594037927941 72057594037927941 2133 2 1224979098644774913 0 2147483681 3 72057594037927941 2 3 2133 2 1224979098644774913 1 2147483681 3 72057594037927941 8 10 1541 3 72057594037927941 360287970189639680 3 2111 2 72057594037927941 0 1570 2 72057594037927941 72057594037927941 2133 2 1224979098644774913 0 2147483681 3 72057594037927941 2 3 2133 2 1224979098644774913 1 2147483681 3 72057594037927941 8 10 3 0 2133 2 1224979098644774914 -1 4 0 31 2 144115188075855975 0 4 0 4 0 30 2 1224979098644774912 0 2133 2 1224979098644774914 144115188075856241 5 0 4 0 30 2 1224979098644774913 1 2133 2 1224979098644774914 144115188075856243 5 0 2133 2 1224979098644774914 144115188075856242 3 0 3 0 5 0 31 2 144115188075855975 1 2133 2 1224979098644774914 1297036692682702918 5 0 31 2 144115188075855975 2 2133 2 1224979098644774914 1297036692682702919 3 0 2147483679 2 1224979098644774914 144115188075856248 2133 2 144115188075856248 1224979098644774914 1676 2 648518346341351424 1224979098644774914 
2.000000  14 2149 2 1224979098644774912 360287970189639680 2123 3 1224979098644774913 1224979098644774912 100 1540 2 1224979098644774914 360287970189639680 6 3 1224979098644774915 0 1224979098644774914 1541 3 1224979098644774916 360287970189639680 1224979098644774915 30 2 1224979098644774916 0 4 0 33 3 1224979098644774916 288230376151711754 288230376151711763 2230 2 1224979098644774917 1224979098644774916 2105 2 1224979098644774912 1224979098644774917 3 0 3 0 2112 3 1224979098644774913 0 100 1645 2 648518346341351424 1224979098644774913 
6.000000  30 32 2 144115188075855988 0 32 2 144115188075855989 0 32 2 144115188075855990 0 2273 0 4 0 2170 3 1224979098644774912 1369094286720630785 360287970189639680 2107 2 1224979098644774912 5 2121 3 1224979098644774913 66 1224979098644774912 32 2 1224979098644774913 0 2133 2 1224979098644774914 0 6 3 1224979098644774915 0 144115188075855989 2136 3 1224979098644774916 0 100 2147483678 2 1224979098644774916 1224979098644774913 2105 2 1224979098644774914 1 3 0 1615 3 648518346341351424 144115188075855988 1224979098644774914 2133 2 1224979098644774914 72057594037927936 32 2 1224979098644774914 0 4 0 32 2 1224979098644774914 1 2133 2 72057594037927938 1 5 0 2133 2 72057594037927938 0 3 0 2133 2 72057594037927937 1224979098644774914 2324 3 1 144115188075855988 1224979098644774914 1105 1 1585267068834415195 3 0 2133 2 144115188075855988 0 2133 2 144115188075855989 0 
72.000000  4 1 1 936748722493063451 1 1 936748722493063455 1 1 936748722493063456 1 1 936748722493063457 
36.000000  14 6 3 1224979098644774912 648518346341351444 648518346341351522 132 1 1224979098644774912 1073742365 3 1224979098644774912 0 3 541 3 1224979098644774912 0 4 1 3 936748722493063408 1224979098644774912 1 1 3 936748722493063408 1224979098644774912 2 2136 3 1224979098644774913 0 100 4 0 2147483678 2 1224979098644774913 70 2147484209 3 1224979098644774912 50 60 1 2 936748722493063407 1224979098644774912 1 4 936748722493063406 1224979098644774912 72057594037927936 1 3 0 3 0 
12.000000  16 6 3 1224979098644774912 648518346341351444 648518346341351522 132 1 1224979098644774912 521 3 1224979098644774913 1224979098644774912 124 32 2 1224979098644774913 0 521 3 1224979098644774914 1224979098644774912 125 2270 1 1224979098644774915 30 2 1224979098644774915 1224979098644774914 501 3 1224979098644774912 1224979098644774913 1 501 3 1224979098644774912 124 0 1 2 936748722493063475 1224979098644774913 4 0 541 3 1224979098644774912 7 360287970189639680 2330 2 4 1224979098644774912 1105 1 1585267068834415196 3 0 3 0 
1.000000  19 2147483685 0 2273 0 30 2 144115188075856042 0 2147484189 3 144115188075856042 7 360287970189639680 2270 1 1224979098644774912 30 2 1224979098644774912 144115188075856046 2120 3 144115188075856046 1224979098644774912 24 2149 2 1224979098644774913 360287970189639680 1601 2 1224979098644774914 648518346341351424 2123 3 1224979098644774915 1224979098644774914 4 2105 2 1224979098644774915 1 4 0 30 2 1224979098644774913 1224979098644774915 1106 1 1585267068834415197 1529 2 360287970189639680 1224979098644774915 5 0 32 2 1224979098644774913 0 1529 2 360287970189639680 1224979098644774913 3 0 
36.000000  1 1 1 936748722493063471 
24.000000  1 1 1 936748722493063236 
168.000000  4 520 3 1224979098644774912 360287970189639680 7 2123 3 1224979098644774913 1224979098644774912 200 2106 2 1224979098644774912 1224979098644774913 500 3 360287970189639680 7 1224979098644774912 
12.000000  18 11 1 1224979098644774912 541 3 1224979098644774912 0 17 2281 3 1224979098644774913 1224979098644774912 648518346341351424 4 0 32 2 1224979098644774913 30 1232 1 1224979098644774912 4 0 200 1 504403158265495575 2147483852 1 504403158265495575 546 3 504403158265495575 8 1224979098644774912 1 2 936748722493063446 504403158265495575 3 0 5 0 32 2 1224979098644774913 10 501 3 1224979098644774912 7 0 1640 2 1224979098644774912 0 3 0 3 0 
10.000000  12 200 1 504403158265495563 2133 2 1224979098644774912 0 11 1 1224979098644774913 132 1 1224979098644774913 1609 2 1224979098644774914 1224979098644774913 31 2 1224979098644774914 576460752303423497 2105 2 1224979098644774912 45 3 0 2136 3 1224979098644774915 0 100 30 2 1224979098644774915 1224979098644774912 1103 1 1 1100 2 648518346341351483 576460752303423497 
5.000000  7 200 1 504403158265495564 526 3 1224979098644774912 504403158265495564 8 2147483780 1 1224979098644774912 526 3 1224979098644774913 504403158265495564 7 2330 2 2 1224979098644774913 1106 1 1585267068834415198 1284 1 504403158265495564 
24.000000  24 6 3 1224979098644774912 0 504403158265495585 4 0 200 1 1224979098644774912 4 0 2147483852 1 1224979098644774912 566 3 1224979098644774912 23 1 526 3 1224979098644774913 1224979098644774912 23 2106 2 1224979098644774913 1 4 0 31 2 1224979098644774913 0 1 3 936748722493063374 1224979098644774912 1 5 0 506 3 1224979098644774912 23 1224979098644774913 2133 2 72057594037927936 1224979098644774913 1113 4 1224979098644774912 7 1585267068834414816 0 3 0 3 0 5 0 566 3 1224979098644774912 25 1 526 3 1224979098644774914 1224979098644774912 25 2106 2 1224979098644774914 1 506 3 1224979098644774912 25 1224979098644774914 3 0 3 0 
12.000000  45 33 3 144115188075855986 432345564227567619 432345564227567638 31 2 144115188075856050 0 2147484190 3 144115188075855986 4 0 2147483848 1 504403158265495571 2147483848 1 504403158265495570 2147484214 3 504403158265495571 25 1 522 3 1224979098644774912 144115188075855986 7 32 2 1224979098644774912 0 520 3 1224979098644774913 1224979098644774912 10 32 2 1224979098644774913 0 2133 2 1224979098644774914 1 6 3 1224979098644774915 504403158265495552 504403158265495570 200 1 1224979098644774915 546 3 1224979098644774915 6 1224979098644774912 2133 2 1224979098644774914 0 3 0 31 2 1224979098644774914 1 6 3 1224979098644774915 504403158265495572 504403158265495575 200 1 1224979098644774915 2133 2 1224979098644774914 0 3 0 31 2 1224979098644774914 1 2171 2 1224979098644774916 360287970189639680 30 2 1224979098644774916 8 2133 2 1224979098644774917 2 6 3 1224979098644774918 648518346341351444 648518346341351522 541 3 1224979098644774918 7 360287970189639680 4 0 541 3 1224979098644774918 0 3 2105 2 1224979098644774917 3 5 0 541 3 1224979098644774918 0 2 2105 2 1224979098644774917 1 5 0 2105 2 1224979098644774917 1 3 0 3 0 2107 2 1224979098644774917 4 2110 2 1224979098644774917 60 506 3 504403158265495571 6 1224979098644774912 506 3 504403158265495571 2 1224979098644774912 506 3 504403158265495571 10 1224979098644774917 506 3 504403158265495571 23 4 506 3 504403158265495571 24 28 2060 1 864691128455135314 
3.000000  130 2133 2 144115188075856305 -1 200 2 504403158265495570 1 33 3 144115188075855986 432345564227567619 432345564227567638 2147484190 3 144115188075855986 4 0 522 3 1224979098644774912 144115188075855986 7 2147483679 2 1224979098644774912 360287970189639680 32 2 1224979098644774912 0 520 3 1224979098644774913 1224979098644774912 10 32 2 1224979098644774913 0 2281 3 1224979098644774914 1224979098644774913 648518346341351424 4 0 2147483678 2 1224979098644774914 15 2133 2 144115188075856490 0 2270 1 1224979098644774915 522 3 1224979098644774916 144115188075855986 6 2121 3 1224979098644774917 1224979098644774915 1224979098644774916 2133 2 1224979098644774918 -1 4 0 2136 3 1224979098644774919 0 100 2147483678 2 1224979098644774919 30 540 3 1224979098644774912 20 0 6 3 1224979098644774920 0 20 31 2 1224979098644774918 -1 2136 3 1224979098644774921 504403158265495572 504403158265495575 2147484214 3 1224979098644774921 25 1 4 0 31 2 1224979098644774921 504403158265495572 4 0 542 3 144115188075855986 4 2 32 2 1224979098644774917 120 2136 3 1224979098644774922 5 10 2133 2 1224979098644774918 1224979098644774921 2136 3 1224979098644774923 288230376151711758 288230376151711761 506 3 1224979098644774918 14 1224979098644774923 506 3 1224979098644774918 10 1224979098644774922 506 3 1224979098644774918 23 10 506 3 1224979098644774918 24 30 3 0 5 0 31 2 1224979098644774921 504403158265495573 4 0 542 3 144115188075855986 4 2 522 3 1224979098644774924 144115188075855986 5 33 3 1224979098644774924 648518346341351444 648518346341351522 1680 2 1224979098644774925 1224979098644774913 31 2 1224979098644774925 1224979098644774924 2133 2 1224979098644774918 1224979098644774921 506 3 1224979098644774918 1 1224979098644774924 506 3 1224979098644774918 23 2 506 3 1224979098644774918 24 15 3 0 5 0 31 2 1224979098644774921 504403158265495574 4 0 2133 2 1224979098644774926 100 2133 2 144115188075856306 -1 2133 2 144115188075856307 -1 2133 2 144115188075856308 -1 2133 2 1224979098644774927 0 6 3 1224979098644774920 0 1224979098644774926 4 0 2147483678 2 144115188075856306 0 1 3 936748722493063291 1224979098644774913 50 2133 2 144115188075856306 72057594037927936 3 0 4 0 2147483678 2 144115188075856307 0 1 3 936748722493063291 1224979098644774913 50 2147483679 2 144115188075856306 72057594037927936 2133 2 144115188075856307 72057594037927936 3 0 4 0 2147483678 2 144115188075856308 0 1 3 936748722493063291 1224979098644774913 50 2147483679 2 144115188075856306 72057594037927936 2147483679 2 144115188075856307 72057594037927936 2133 2 144115188075856308 72057594037927936 3 0 2147483679 2 144115188075856306 144115188075856307 2147483679 2 144115188075856306 144115188075856307 2147483679 2 144115188075856307 144115188075856308 30 2 144115188075856306 0 30 2 144115188075856307 0 30 2 144115188075856308 0 2133 2 1224979098644774926 0 2133 2 1224979098644774927 1 3 0 31 2 1224979098644774927 1 2133 2 144115188075856309 0 2133 2 144115188075856310 0 2133 2 144115188075856311 0 2133 2 1224979098644774918 1224979098644774921 506 3 1224979098644774918 23 7 506 3 1224979098644774918 24 25 3 0 3 0 3 0 4 0 2147483679 2 1224979098644774918 -1 506 3 1224979098644774918 11 0 506 3 1224979098644774918 6 1224979098644774912 4 0 31 2 1224979098644774918 504403158265495573 2060 1 864691128455135316 5 0 2133 2 144115188075856305 1224979098644774918 506 3 144115188075856305 6 1224979098644774912 2060 1 864691128455135315 3 0 3 0 3 0 5 0 2105 2 144115188075856490 1 4 0 2147483678 2 144115188075856490 12 4 0 2119 3 1224979098644774928 144115188075856490 4 31 2 1224979098644774928 0 2341 2 1 1224979098644774912 4 0 2147483678 2 144115188075856490 8 1106 1 1585267068834415199 5 0 1106 1 1585267068834415200 3 0 3 0 5 0 2060 1 864691128455135317 3 0 3 0 
0.500000  8 200 1 504403158265495575 2147483852 1 504403158265495575 526 3 1224979098644774912 504403158265495575 8 526 3 1224979098644774913 504403158265495575 1 2281 3 1224979098644774914 1224979098644774912 1224979098644774913 2147483678 2 1224979098644774914 3 1232 1 1224979098644774912 1 2 936748722493063445 504403158265495575 
2.000000  13 6 3 1224979098644774912 360287970189640212 360287970189640273 520 3 1224979098644774913 1224979098644774912 10 30 2 1224979098644774913 1 132 1 1224979098644774913 541 3 1224979098644774913 31 1 2270 1 1224979098644774914 2147484209 3 1224979098644774913 32 1224979098644774914 501 3 1224979098644774913 30 -1 501 3 1224979098644774913 31 0 2133 2 1224979098644774915 48 2120 3 1224979098644774916 1224979098644774914 1224979098644774915 501 3 1224979098644774913 33 1224979098644774916 3 0 
1.000000  49 4 0 200 1 504403158265495574 2147483850 1 504403158265495574 4 0 31 2 144115188075856309 0 2281 3 1224979098644774912 144115188075856306 648518346341351424 2147483680 2 1224979098644774912 3 2133 2 144115188075856309 1 2342 2 1 144115188075856306 1106 1 1585267068834415201 3 0 4 0 31 2 144115188075856310 0 2281 3 1224979098644774912 144115188075856307 648518346341351424 2147483680 2 1224979098644774912 3 2133 2 144115188075856310 1 2342 2 1 144115188075856307 1106 1 1585267068834415201 3 0 4 0 31 2 144115188075856311 0 2281 3 1224979098644774912 144115188075856308 648518346341351424 2147483680 2 1224979098644774912 3 2133 2 144115188075856311 1 2342 2 1 144115188075856308 1106 1 1585267068834415201 3 0 31 2 144115188075856309 1 31 2 144115188075856310 1 31 2 144115188075856311 1 1 2 936748722493063445 504403158265495574 3 0 4 0 200 1 504403158265495567 2147483850 1 504403158265495567 526 3 1224979098644774913 504403158265495567 1 526 3 1224979098644774914 504403158265495567 2 4 0 31 2 1224979098644774914 0 2281 3 1224979098644774912 1224979098644774913 648518346341351424 2147483680 2 1224979098644774912 3 2133 2 1224979098644774914 1 2342 2 1 1224979098644774913 1106 1 1585267068834415201 3 0 31 2 1224979098644774914 1 506 3 504403158265495567 2 1224979098644774914 1 2 936748722493063445 504403158265495567 3 0 
1.000000  65 2133 2 144115188075856291 0 4 0 32 2 144115188075856312 0 4 0 110 1 144115188075856312 2147483679 2 144115188075856050 1 1025 1 144115188075856312 5 0 2133 2 144115188075856312 0 3 0 5 0 32 2 144115188075856313 0 31 2 144115188075856249 0 4 0 110 1 144115188075856313 2147483679 2 144115188075856050 1 2133 2 144115188075856291 61 1025 1 144115188075856313 5 0 2133 2 144115188075856313 0 3 0 5 0 32 2 144115188075856314 0 31 2 144115188075856249 0 520 3 1224979098644774912 144115188075856314 71 4 0 110 1 144115188075856314 110 1 1224979098644774912 2147483679 2 144115188075856050 1 2133 2 144115188075856291 72 1025 1 144115188075856314 5 0 2133 2 144115188075856314 0 3 0 5 0 31 2 144115188075855903 0 6 3 1224979098644774913 360287970189640194 360287970189640211 31 2 144115188075856291 0 110 1 1224979098644774913 540 3 1224979098644774913 78 0 520 3 1224979098644774914 1224979098644774913 60 32 2 1224979098644774914 0 2281 3 1224979098644774915 1224979098644774914 648518346341351424 2147483678 2 1224979098644774915 7 2133 2 144115188075856291 60 1025 1 1224979098644774913 3 0 2147483679 2 144115188075856291 0 5 0 6 3 1224979098644774913 360287970189640194 360287970189640211 31 2 144115188075856291 0 110 1 1224979098644774913 2173 2 1224979098644774916 1224979098644774913 542 3 1224979098644774916 21 0 522 3 1224979098644774917 1224979098644774916 150 2147483678 2 1224979098644774917 1000 520 3 1224979098644774918 1224979098644774913 79 2270 1 1224979098644774919 2105 2 1224979098644774918 168 32 2 1224979098644774919 1224979098644774918 500 3 1224979098644774913 79 1224979098644774919 2133 2 144115188075856291 79 1025 1 1224979098644774913 3 0 3 0 
4.000000  51 6 3 1224979098644774912 360287970189640212 360287970189640273 560 3 1224979098644774912 55 1 2173 2 1224979098644774913 1224979098644774912 520 3 1224979098644774914 1224979098644774912 55 520 3 1224979098644774915 1224979098644774912 10 2133 2 1224979098644774916 0 4 0 2147483680 2 1224979098644774915 0 2147484208 3 1224979098644774912 8 0 2133 2 1224979098644774916 1 5 0 32 2 1224979098644774915 0 132 1 1224979098644774915 1694 2 1224979098644774917 1224979098644774915 4 0 2147483678 2 1224979098644774917 0 1665 2 1224979098644774917 1224979098644774915 3 0 3221225505 3 1224979098644774917 648518346341351444 648518346341351522 541 3 1224979098644774917 7 1224979098644774912 2133 2 1224979098644774918 360287970189640273 6 3 1224979098644774919 360287970189640212 1224979098644774918 520 3 1224979098644774920 1224979098644774919 10 32 2 1224979098644774920 0 2204 2 1224979098644774921 1224979098644774920 31 2 1224979098644774921 1224979098644774913 2281 3 1224979098644774922 1224979098644774915 1224979098644774920 2147483678 2 1224979098644774922 4 2133 2 1224979098644774918 0 3 0 2147483679 2 1224979098644774918 0 2133 2 1224979098644774916 1 3 0 31 2 1224979098644774916 1 1 3 936748722493063314 1224979098644774912 1224979098644774914 500 3 1224979098644774912 55 0 4 0 33 3 1224979098644774914 432345564227567619 432345564227567638 2341 2 1 1224979098644774912 2343 2 2 1224979098644774913 2343 2 3 1224979098644774914 1106 1 1585267068834415202 4 0 31 2 1224979098644774913 144115188075855986 1 4 936748722493063354 864691128455135411 1224979098644774912 1224979098644774914 5 0 31 2 1224979098644774914 144115188075855986 1 4 936748722493063354 864691128455135412 1224979098644774912 1224979098644774913 3 0 3 0 3 0 
1.000000  934 1073744097 0 31 2 144115188075855882 0 3221227745 0 31 2 144115188075855882 1 4 0 2147485921 0 2133 2 144115188075855882 1 6 3 1224979098644774912 360287970189639680 360287970189640502 1506 2 1224979098644774913 1224979098644774912 4 0 31 2 1224979098644774913 0 520 3 1224979098644774914 1224979098644774912 142 4 0 1507 1 1224979098644774912 2147483678 2 1224979098644774914 0 2176 3 1224979098644774915 1224979098644774912 3 2107 2 1224979098644774915 30 2108 2 1224979098644774915 100 500 3 1224979098644774912 142 1224979098644774915 2133 2 1224979098644774914 1224979098644774915 3 0 1523 3 1224979098644774912 3 1224979098644774914 4 0 1507 1 1224979098644774912 32 2 1224979098644774914 0 2176 3 1224979098644774915 1224979098644774912 3 2107 2 1224979098644774915 30 2108 2 1224979098644774915 100 500 3 1224979098644774912 142 1224979098644774915 3 0 520 3 1224979098644774914 1224979098644774912 143 4 0 1507 1 1224979098644774912 2147483678 2 1224979098644774914 0 2176 3 1224979098644774915 1224979098644774912 5 2107 2 1224979098644774915 30 2108 2 1224979098644774915 100 500 3 1224979098644774912 143 1224979098644774915 2133 2 1224979098644774914 1224979098644774915 3 0 1523 3 1224979098644774912 5 1224979098644774914 4 0 1507 1 1224979098644774912 32 2 1224979098644774914 0 2176 3 1224979098644774915 1224979098644774912 5 2107 2 1224979098644774915 30 2108 2 1224979098644774915 100 500 3 1224979098644774912 143 1224979098644774915 3 0 5 0 31 2 1224979098644774913 1 520 3 1224979098644774914 1224979098644774912 142 4 0 1507 1 1224979098644774912 2147483678 2 1224979098644774914 0 2176 3 1224979098644774915 1224979098644774912 3 2107 2 1224979098644774915 30 2108 2 1224979098644774915 100 500 3 1224979098644774912 142 1224979098644774915 2133 2 1224979098644774914 1224979098644774915 3 0 1523 3 1224979098644774912 3 1224979098644774914 4 0 1507 1 1224979098644774912 32 2 1224979098644774914 0 2176 3 1224979098644774915 1224979098644774912 3 2107 2 1224979098644774915 30 2108 2 1224979098644774915 100 500 3 1224979098644774912 142 1224979098644774915 3 0 520 3 1224979098644774914 1224979098644774912 143 4 0 1507 1 1224979098644774912 2147483678 2 1224979098644774914 0 2176 3 1224979098644774915 1224979098644774912 5 2107 2 1224979098644774915 30 2108 2 1224979098644774915 100 500 3 1224979098644774912 143 1224979098644774915 2133 2 1224979098644774914 1224979098644774915 3 0 1523 3 1224979098644774912 5 1224979098644774914 4 0 1507 1 1224979098644774912 32 2 1224979098644774914 0 2176 3 1224979098644774915 1224979098644774912 5 2107 2 1224979098644774915 30 2108 2 1224979098644774915 100 500 3 1224979098644774912 143 1224979098644774915 3 0 5 0 31 2 1224979098644774913 2 520 3 1224979098644774914 1224979098644774912 142 4 0 1507 1 1224979098644774912 2147483678 2 1224979098644774914 0 2176 3 1224979098644774915 1224979098644774912 3 2107 2 1224979098644774915 30 2108 2 1224979098644774915 100 500 3 1224979098644774912 142 1224979098644774915 2133 2 1224979098644774914 1224979098644774915 3 0 1523 3 1224979098644774912 3 1224979098644774914 4 0 1507 1 1224979098644774912 32 2 1224979098644774914 0 2176 3 1224979098644774915 1224979098644774912 3 2107 2 1224979098644774915 30 2108 2 1224979098644774915 100 500 3 1224979098644774912 142 1224979098644774915 3 0 520 3 1224979098644774914 1224979098644774912 143 4 0 1507 1 1224979098644774912 2147483678 2 1224979098644774914 0 2176 3 1224979098644774915 1224979098644774912 5 2107 2 1224979098644774915 30 2108 2 1224979098644774915 100 500 3 1224979098644774912 143 1224979098644774915 2133 2 1224979098644774914 1224979098644774915 3 0 1523 3 1224979098644774912 5 1224979098644774914 4 0 1507 1 1224979098644774912 32 2 1224979098644774914 0 2176 3 1224979098644774915 1224979098644774912 5 2107 2 1224979098644774915 30 2108 2 1224979098644774915 100 500 3 1224979098644774912 143 1224979098644774915 3 0 5 0 31 2 1224979098644774913 3 520 3 1224979098644774914 1224979098644774912 142 4 0 1507 1 1224979098644774912 2147483678 2 1224979098644774914 0 2176 3 1224979098644774915 1224979098644774912 3 2107 2 1224979098644774915 30 2108 2 1224979098644774915 100 500 3 1224979098644774912 142 1224979098644774915 2133 2 1224979098644774914 1224979098644774915 3 0 1523 3 1224979098644774912 3 1224979098644774914 4 0 1507 1 1224979098644774912 32 2 1224979098644774914 0 2176 3 1224979098644774915 1224979098644774912 3 2107 2 1224979098644774915 30 2108 2 1224979098644774915 100 500 3 1224979098644774912 142 1224979098644774915 3 0 520 3 1224979098644774914 1224979098644774912 143 4 0 1507 1 1224979098644774912 2147483678 2 1224979098644774914 0 2176 3 1224979098644774915 1224979098644774912 5 2107 2 1224979098644774915 30 2108 2 1224979098644774915 100 500 3 1224979098644774912 143 1224979098644774915 2133 2 1224979098644774914 1224979098644774915 3 0 1523 3 1224979098644774912 5 1224979098644774914 4 0 1507 1 1224979098644774912 32 2 1224979098644774914 0 2176 3 1224979098644774915 1224979098644774912 5 2107 2 1224979098644774915 30 2108 2 1224979098644774915 100 500 3 1224979098644774912 143 1224979098644774915 3 0 5 0 31 2 1224979098644774913 4 520 3 1224979098644774914 1224979098644774912 142 4 0 1507 1 1224979098644774912 2147483678 2 1224979098644774914 0 2176 3 1224979098644774915 1224979098644774912 3 2107 2 1224979098644774915 30 2108 2 1224979098644774915 100 500 3 1224979098644774912 142 1224979098644774915 2133 2 1224979098644774914 1224979098644774915 3 0 1523 3 1224979098644774912 3 1224979098644774914 4 0 1507 1 1224979098644774912 32 2 1224979098644774914 0 2176 3 1224979098644774915 1224979098644774912 3 2107 2 1224979098644774915 30 2108 2 1224979098644774915 100 500 3 1224979098644774912 142 1224979098644774915 3 0 520 3 1224979098644774914 1224979098644774912 143 4 0 1507 1 1224979098644774912 2147483678 2 1224979098644774914 0 2176 3 1224979098644774915 1224979098644774912 5 2107 2 1224979098644774915 30 2108 2 1224979098644774915 100 500 3 1224979098644774912 143 1224979098644774915 2133 2 1224979098644774914 1224979098644774915 3 0 1523 3 1224979098644774912 5 1224979098644774914 4 0 1507 1 1224979098644774912 32 2 1224979098644774914 0 2176 3 1224979098644774915 1224979098644774912 5 2107 2 1224979098644774915 30 2108 2 1224979098644774915 100 500 3 1224979098644774912 143 1224979098644774915 3 0 5 0 31 2 1224979098644774913 5 1521 3 1224979098644774912 1369094286720630809 -1 1521 3 1224979098644774912 1369094286720630797 -1 1521 3 1224979098644774912 1369094286720630798 -1 520 3 1224979098644774914 1224979098644774912 142 4 0 1507 1 1224979098644774912 2147483678 2 1224979098644774914 0 2176 3 1224979098644774915 1224979098644774912 0 2107 2 1224979098644774915 -20 2108 2 1224979098644774915 100 500 3 1224979098644774912 142 1224979098644774915 2133 2 1224979098644774914 1224979098644774915 3 0 1523 3 1224979098644774912 0 1224979098644774914 4 0 1507 1 1224979098644774912 32 2 1224979098644774914 0 2176 3 1224979098644774915 1224979098644774912 0 2107 2 1224979098644774915 -20 2108 2 1224979098644774915 100 500 3 1224979098644774912 142 1224979098644774915 3 0 520 3 1224979098644774914 1224979098644774912 143 4 0 1507 1 1224979098644774912 2147483678 2 1224979098644774914 0 2176 3 1224979098644774915 1224979098644774912 1 2107 2 1224979098644774915 -20 2108 2 1224979098644774915 100 500 3 1224979098644774912 143 1224979098644774915 2133 2 1224979098644774914 1224979098644774915 3 0 1523 3 1224979098644774912 1 1224979098644774914 4 0 1507 1 1224979098644774912 32 2 1224979098644774914 0 2176 3 1224979098644774915 1224979098644774912 1 2107 2 1224979098644774915 -20 2108 2 1224979098644774915 100 500 3 1224979098644774912 143 1224979098644774915 3 0 520 3 1224979098644774914 1224979098644774912 144 4 0 1507 1 1224979098644774912 2147483678 2 1224979098644774914 0 2176 3 1224979098644774915 1224979098644774912 2 2107 2 1224979098644774915 -20 2108 2 1224979098644774915 100 500 3 1224979098644774912 144 1224979098644774915 2133 2 1224979098644774914 1224979098644774915 3 0 1523 3 1224979098644774912 2 1224979098644774914 4 0 1507 1 1224979098644774912 32 2 1224979098644774914 0 2176 3 1224979098644774915 1224979098644774912 2 2107 2 1224979098644774915 -20 2108 2 1224979098644774915 100 500 3 1224979098644774912 144 1224979098644774915 3 0 520 3 1224979098644774914 1224979098644774912 145 4 0 1507 1 1224979098644774912 2147483678 2 1224979098644774914 0 2176 3 1224979098644774915 1224979098644774912 3 2107 2 1224979098644774915 -20 2108 2 1224979098644774915 100 500 3 1224979098644774912 145 1224979098644774915 2133 2 1224979098644774914 1224979098644774915 3 0 1523 3 1224979098644774912 3 1224979098644774914 4 0 1507 1 1224979098644774912 32 2 1224979098644774914 0 2176 3 1224979098644774915 1224979098644774912 3 2107 2 1224979098644774915 -20 2108 2 1224979098644774915 100 500 3 1224979098644774912 145 1224979098644774915 3 0 520 3 1224979098644774914 1224979098644774912 146 4 0 1507 1 1224979098644774912 2147483678 2 1224979098644774914 0 2176 3 1224979098644774915 1224979098644774912 5 2107 2 1224979098644774915 -20 2108 2 1224979098644774915 100 500 3 1224979098644774912 146 1224979098644774915 2133 2 1224979098644774914 1224979098644774915 3 0 1523 3 1224979098644774912 5 1224979098644774914 4 0 1507 1 1224979098644774912 32 2 1224979098644774914 0 2176 3 1224979098644774915 1224979098644774912 5 2107 2 1224979098644774915 -20 2108 2 1224979098644774915 100 500 3 1224979098644774912 146 1224979098644774915 3 0 5 0 31 2 1224979098644774913 7 1521 3 1224979098644774912 1369094286720630809 -1 1521 3 1224979098644774912 1369094286720630797 -1 1521 3 1224979098644774912 1369094286720630798 -1 520 3 1224979098644774914 1224979098644774912 142 4 0 1507 1 1224979098644774912 2147483678 2 1224979098644774914 0 2176 3 1224979098644774915 1224979098644774912 0 2107 2 1224979098644774915 -20 2108 2 1224979098644774915 100 500 3 1224979098644774912 142 1224979098644774915 2133 2 1224979098644774914 1224979098644774915 3 0 1523 3 1224979098644774912 0 1224979098644774914 4 0 1507 1 1224979098644774912 32 2 1224979098644774914 0 2176 3 1224979098644774915 1224979098644774912 0 2107 2 1224979098644774915 -20 2108 2 1224979098644774915 100 500 3 1224979098644774912 142 1224979098644774915 3 0 520 3 1224979098644774914 1224979098644774912 143 4 0 1507 1 1224979098644774912 2147483678 2 1224979098644774914 0 2176 3 1224979098644774915 1224979098644774912 1 2107 2 1224979098644774915 -20 2108 2 1224979098644774915 100 500 3 1224979098644774912 143 1224979098644774915 2133 2 1224979098644774914 1224979098644774915 3 0 1523 3 1224979098644774912 1 1224979098644774914 4 0 1507 1 1224979098644774912 32 2 1224979098644774914 0 2176 3 1224979098644774915 1224979098644774912 1 2107 2 1224979098644774915 -20 2108 2 1224979098644774915 100 500 3 1224979098644774912 143 1224979098644774915 3 0 520 3 1224979098644774914 1224979098644774912 144 4 0 1507 1 1224979098644774912 2147483678 2 1224979098644774914 0 2176 3 1224979098644774915 1224979098644774912 2 2107 2 1224979098644774915 -20 2108 2 1224979098644774915 100 500 3 1224979098644774912 144 1224979098644774915 2133 2 1224979098644774914 1224979098644774915 3 0 1523 3 1224979098644774912 2 1224979098644774914 4 0 1507 1 1224979098644774912 32 2 1224979098644774914 0 2176 3 1224979098644774915 1224979098644774912 2 2107 2 1224979098644774915 -20 2108 2 1224979098644774915 100 500 3 1224979098644774912 144 1224979098644774915 3 0 520 3 1224979098644774914 1224979098644774912 145 4 0 1507 1 1224979098644774912 2147483678 2 1224979098644774914 0 2176 3 1224979098644774915 1224979098644774912 3 2107 2 1224979098644774915 -20 2108 2 1224979098644774915 100 500 3 1224979098644774912 145 1224979098644774915 2133 2 1224979098644774914 1224979098644774915 3 0 1523 3 1224979098644774912 3 1224979098644774914 4 0 1507 1 1224979098644774912 32 2 1224979098644774914 0 2176 3 1224979098644774915 1224979098644774912 3 2107 2 1224979098644774915 -20 2108 2 1224979098644774915 100 500 3 1224979098644774912 145 1224979098644774915 3 0 520 3 1224979098644774914 1224979098644774912 146 4 0 1507 1 1224979098644774912 2147483678 2 1224979098644774914 0 2176 3 1224979098644774915 1224979098644774912 5 2107 2 1224979098644774915 -20 2108 2 1224979098644774915 100 500 3 1224979098644774912 146 1224979098644774915 2133 2 1224979098644774914 1224979098644774915 3 0 1523 3 1224979098644774912 5 1224979098644774914 4 0 1507 1 1224979098644774912 32 2 1224979098644774914 0 2176 3 1224979098644774915 1224979098644774912 5 2107 2 1224979098644774915 -20 2108 2 1224979098644774915 100 500 3 1224979098644774912 146 1224979098644774915 3 0 5 0 31 2 1224979098644774913 6 5 0 31 2 1224979098644774913 8 520 3 1224979098644774914 1224979098644774912 142 4 0 1507 1 1224979098644774912 2147483678 2 1224979098644774914 0 2176 3 1224979098644774915 1224979098644774912 3 2107 2 1224979098644774915 30 2108 2 1224979098644774915 100 500 3 1224979098644774912 142 1224979098644774915 2133 2 1224979098644774914 1224979098644774915 3 0 1523 3 1224979098644774912 3 1224979098644774914 4 0 1507 1 1224979098644774912 32 2 1224979098644774914 0 2176 3 1224979098644774915 1224979098644774912 3 2107 2 1224979098644774915 30 2108 2 1224979098644774915 100 500 3 1224979098644774912 142 1224979098644774915 3 0 520 3 1224979098644774914 1224979098644774912 143 4 0 1507 1 1224979098644774912 2147483678 2 1224979098644774914 0 2176 3 1224979098644774915 1224979098644774912 5 2107 2 1224979098644774915 30 2108 2 1224979098644774915 100 500 3 1224979098644774912 143 1224979098644774915 2133 2 1224979098644774914 1224979098644774915 3 0 1523 3 1224979098644774912 5 1224979098644774914 4 0 1507 1 1224979098644774912 32 2 1224979098644774914 0 2176 3 1224979098644774915 1224979098644774912 5 2107 2 1224979098644774915 30 2108 2 1224979098644774915 100 500 3 1224979098644774912 143 1224979098644774915 3 0 5 0 31 2 1224979098644774913 9 520 3 1224979098644774914 1224979098644774912 142 4 0 1507 1 1224979098644774912 2147483678 2 1224979098644774914 0 2176 3 1224979098644774915 1224979098644774912 3 2107 2 1224979098644774915 30 2108 2 1224979098644774915 100 500 3 1224979098644774912 142 1224979098644774915 2133 2 1224979098644774914 1224979098644774915 3 0 1523 3 1224979098644774912 3 1224979098644774914 4 0 1507 1 1224979098644774912 32 2 1224979098644774914 0 2176 3 1224979098644774915 1224979098644774912 3 2107 2 1224979098644774915 30 2108 2 1224979098644774915 100 500 3 1224979098644774912 142 1224979098644774915 3 0 520 3 1224979098644774914 1224979098644774912 143 4 0 1507 1 1224979098644774912 2147483678 2 1224979098644774914 0 2176 3 1224979098644774915 1224979098644774912 5 2107 2 1224979098644774915 30 2108 2 1224979098644774915 100 500 3 1224979098644774912 143 1224979098644774915 2133 2 1224979098644774914 1224979098644774915 3 0 1523 3 1224979098644774912 5 1224979098644774914 4 0 1507 1 1224979098644774912 32 2 1224979098644774914 0 2176 3 1224979098644774915 1224979098644774912 5 2107 2 1224979098644774915 30 2108 2 1224979098644774915 100 500 3 1224979098644774912 143 1224979098644774915 3 0 5 0 31 2 1224979098644774913 10 1521 3 1224979098644774912 1369094286720630809 -1 1521 3 1224979098644774912 1369094286720630797 -1 1521 3 1224979098644774912 1369094286720630798 -1 520 3 1224979098644774914 1224979098644774912 142 4 0 1507 1 1224979098644774912 2147483678 2 1224979098644774914 0 2176 3 1224979098644774915 1224979098644774912 0 2107 2 1224979098644774915 -20 2108 2 1224979098644774915 100 500 3 1224979098644774912 142 1224979098644774915 2133 2 1224979098644774914 1224979098644774915 3 0 1523 3 1224979098644774912 0 1224979098644774914 4 0 1507 1 1224979098644774912 32 2 1224979098644774914 0 2176 3 1224979098644774915 1224979098644774912 0 2107 2 1224979098644774915 -20 2108 2 1224979098644774915 100 500 3 1224979098644774912 142 1224979098644774915 3 0 520 3 1224979098644774914 1224979098644774912 143 4 0 1507 1 1224979098644774912 2147483678 2 1224979098644774914 0 2176 3 1224979098644774915 1224979098644774912 1 2107 2 1224979098644774915 -20 2108 2 1224979098644774915 100 500 3 1224979098644774912 143 1224979098644774915 2133 2 1224979098644774914 1224979098644774915 3 0 1523 3 1224979098644774912 1 1224979098644774914 4 0 1507 1 1224979098644774912 32 2 1224979098644774914 0 2176 3 1224979098644774915 1224979098644774912 1 2107 2 1224979098644774915 -20 2108 2 1224979098644774915 100 500 3 1224979098644774912 143 1224979098644774915 3 0 520 3 1224979098644774914 1224979098644774912 144 4 0 1507 1 1224979098644774912 2147483678 2 1224979098644774914 0 2176 3 1224979098644774915 1224979098644774912 2 2107 2 1224979098644774915 -20 2108 2 1224979098644774915 100 500 3 1224979098644774912 144 1224979098644774915 2133 2 1224979098644774914 1224979098644774915 3 0 1523 3 1224979098644774912 2 1224979098644774914 4 0 1507 1 1224979098644774912 32 2 1224979098644774914 0 2176 3 1224979098644774915 1224979098644774912 2 2107 2 1224979098644774915 -20 2108 2 1224979098644774915 100 500 3 1224979098644774912 144 1224979098644774915 3 0 5 0 31 2 1224979098644774913 11 1521 3 1224979098644774912 1369094286720630809 7 520 3 1224979098644774914 1224979098644774912 142 4 0 1507 1 1224979098644774912 2147483678 2 1224979098644774914 0 2176 3 1224979098644774915 1224979098644774912 3 2107 2 1224979098644774915 30 2108 2 1224979098644774915 100 500 3 1224979098644774912 142 1224979098644774915 2133 2 1224979098644774914 1224979098644774915 3 0 1523 3 1224979098644774912 3 1224979098644774914 4 0 1507 1 1224979098644774912 32 2 1224979098644774914 0 2176 3 1224979098644774915 1224979098644774912 3 2107 2 1224979098644774915 30 2108 2 1224979098644774915 100 500 3 1224979098644774912 142 1224979098644774915 3 0 520 3 1224979098644774914 1224979098644774912 143 4 0 1507 1 1224979098644774912 2147483678 2 1224979098644774914 0 2176 3 1224979098644774915 1224979098644774912 5 2107 2 1224979098644774915 30 2108 2 1224979098644774915 100 500 3 1224979098644774912 143 1224979098644774915 2133 2 1224979098644774914 1224979098644774915 3 0 1523 3 1224979098644774912 5 1224979098644774914 4 0 1507 1 1224979098644774912 32 2 1224979098644774914 0 2176 3 1224979098644774915 1224979098644774912 5 2107 2 1224979098644774915 30 2108 2 1224979098644774915 100 500 3 1224979098644774912 143 1224979098644774915 3 0 5 0 31 2 1224979098644774913 12 520 3 1224979098644774914 1224979098644774912 142 4 0 1507 1 1224979098644774912 2147483678 2 1224979098644774914 0 2176 3 1224979098644774915 1224979098644774912 3 2107 2 1224979098644774915 15 2108 2 1224979098644774915 100 500 3 1224979098644774912 142 1224979098644774915 2133 2 1224979098644774914 1224979098644774915 3 0 1523 3 1224979098644774912 3 1224979098644774914 4 0 1507 1 1224979098644774912 32 2 1224979098644774914 0 2176 3 1224979098644774915 1224979098644774912 3 2107 2 1224979098644774915 15 2108 2 1224979098644774915 100 500 3 1224979098644774912 142 1224979098644774915 3 0 520 3 1224979098644774914 1224979098644774912 143 4 0 1507 1 1224979098644774912 2147483678 2 1224979098644774914 0 2176 3 1224979098644774915 1224979098644774912 5 2107 2 1224979098644774915 15 2108 2 1224979098644774915 100 500 3 1224979098644774912 143 1224979098644774915 2133 2 1224979098644774914 1224979098644774915 3 0 1523 3 1224979098644774912 5 1224979098644774914 4 0 1507 1 1224979098644774912 32 2 1224979098644774914 0 2176 3 1224979098644774915 1224979098644774912 5 2107 2 1224979098644774915 15 2108 2 1224979098644774915 100 500 3 1224979098644774912 143 1224979098644774915 3 0 5 0 31 2 1224979098644774913 13 520 3 1224979098644774914 1224979098644774912 142 4 0 1507 1 1224979098644774912 2147483678 2 1224979098644774914 0 2176 3 1224979098644774915 1224979098644774912 3 2107 2 1224979098644774915 15 2108 2 1224979098644774915 100 500 3 1224979098644774912 142 1224979098644774915 2133 2 1224979098644774914 1224979098644774915 3 0 1523 3 1224979098644774912 3 1224979098644774914 4 0 1507 1 1224979098644774912 32 2 1224979098644774914 0 2176 3 1224979098644774915 1224979098644774912 3 2107 2 1224979098644774915 15 2108 2 1224979098644774915 100 500 3 1224979098644774912 142 1224979098644774915 3 0 520 3 1224979098644774914 1224979098644774912 143 4 0 1507 1 1224979098644774912 2147483678 2 1224979098644774914 0 2176 3 1224979098644774915 1224979098644774912 5 2107 2 1224979098644774915 15 2108 2 1224979098644774915 100 500 3 1224979098644774912 143 1224979098644774915 2133 2 1224979098644774914 1224979098644774915 3 0 1523 3 1224979098644774912 5 1224979098644774914 4 0 1507 1 1224979098644774912 32 2 1224979098644774914 0 2176 3 1224979098644774915 1224979098644774912 5 2107 2 1224979098644774915 15 2108 2 1224979098644774915 100 500 3 1224979098644774912 143 1224979098644774915 3 0 5 0 31 2 1224979098644774913 14 520 3 1224979098644774914 1224979098644774912 142 4 0 1507 1 1224979098644774912 2147483678 2 1224979098644774914 0 2176 3 1224979098644774915 1224979098644774912 3 2107 2 1224979098644774915 15 2108 2 1224979098644774915 100 500 3 1224979098644774912 142 1224979098644774915 2133 2 1224979098644774914 1224979098644774915 3 0 1523 3 1224979098644774912 3 1224979098644774914 4 0 1507 1 1224979098644774912 32 2 1224979098644774914 0 2176 3 1224979098644774915 1224979098644774912 3 2107 2 1224979098644774915 15 2108 2 1224979098644774915 100 500 3 1224979098644774912 142 1224979098644774915 3 0 520 3 1224979098644774914 1224979098644774912 143 4 0 1507 1 1224979098644774912 2147483678 2 1224979098644774914 0 2176 3 1224979098644774915 1224979098644774912 5 2107 2 1224979098644774915 15 2108 2 1224979098644774915 100 500 3 1224979098644774912 143 1224979098644774915 2133 2 1224979098644774914 1224979098644774915 3 0 1523 3 1224979098644774912 5 1224979098644774914 4 0 1507 1 1224979098644774912 32 2 1224979098644774914 0 2176 3 1224979098644774915 1224979098644774912 5 2107 2 1224979098644774915 15 2108 2 1224979098644774915 100 500 3 1224979098644774912 143 1224979098644774915 3 0 5 0 31 2 1224979098644774913 15 520 3 1224979098644774914 1224979098644774912 142 4 0 1507 1 1224979098644774912 2147483678 2 1224979098644774914 0 2176 3 1224979098644774915 1224979098644774912 3 2107 2 1224979098644774915 30 2108 2 1224979098644774915 100 500 3 1224979098644774912 142 1224979098644774915 2133 2 1224979098644774914 1224979098644774915 3 0 1523 3 1224979098644774912 3 1224979098644774914 4 0 1507 1 1224979098644774912 32 2 1224979098644774914 0 2176 3 1224979098644774915 1224979098644774912 3 2107 2 1224979098644774915 30 2108 2 1224979098644774915 100 500 3 1224979098644774912 142 1224979098644774915 3 0 520 3 1224979098644774914 1224979098644774912 143 4 0 1507 1 1224979098644774912 2147483678 2 1224979098644774914 0 2176 3 1224979098644774915 1224979098644774912 5 2107 2 1224979098644774915 30 2108 2 1224979098644774915 100 500 3 1224979098644774912 143 1224979098644774915 2133 2 1224979098644774914 1224979098644774915 3 0 1523 3 1224979098644774912 5 1224979098644774914 4 0 1507 1 1224979098644774912 32 2 1224979098644774914 0 2176 3 1224979098644774915 1224979098644774912 5 2107 2 1224979098644774915 30 2108 2 1224979098644774915 100 500 3 1224979098644774912 143 1224979098644774915 3 0 5 0 3 0 3 0 5 0 2133 2 144115188075855882 0 6 3 1224979098644774912 360287970189639680 360287970189640502 1506 2 1224979098644774913 1224979098644774912 4 0 31 2 1224979098644774913 0 2133 2 72057594037927936 1224979098644774913 520 3 1224979098644774914 1224979098644774912 142 2107 2 1224979098644774914 -1 1523 3 1224979098644774912 3 1224979098644774914 520 3 1224979098644774914 1224979098644774912 143 2107 2 1224979098644774914 -1 1523 3 1224979098644774912 5 1224979098644774914 5 0 31 2 1224979098644774913 1 2133 2 72057594037927936 1224979098644774913 520 3 1224979098644774914 1224979098644774912 142 2107 2 1224979098644774914 -1 1523 3 1224979098644774912 3 1224979098644774914 520 3 1224979098644774914 1224979098644774912 143 2107 2 1224979098644774914 -1 1523 3 1224979098644774912 5 1224979098644774914 5 0 31 2 1224979098644774913 2 2133 2 72057594037927936 1224979098644774913 520 3 1224979098644774914 1224979098644774912 142 2107 2 1224979098644774914 -1 1523 3 1224979098644774912 3 1224979098644774914 520 3 1224979098644774914 1224979098644774912 143 2107 2 1224979098644774914 -1 1523 3 1224979098644774912 5 1224979098644774914 5 0 31 2 1224979098644774913 3 2133 2 72057594037927936 1224979098644774913 520 3 1224979098644774914 1224979098644774912 142 2107 2 1224979098644774914 -1 1523 3 1224979098644774912 3 1224979098644774914 520 3 1224979098644774914 1224979098644774912 143 2107 2 1224979098644774914 -1 1523 3 1224979098644774912 5 1224979098644774914 5 0 31 2 1224979098644774913 4 2133 2 72057594037927936 1224979098644774913 520 3 1224979098644774914 1224979098644774912 142 2107 2 1224979098644774914 -1 1523 3 1224979098644774912 3 1224979098644774914 520 3 1224979098644774914 1224979098644774912 143 2107 2 1224979098644774914 -1 1523 3 1224979098644774912 5 1224979098644774914 5 0 31 2 1224979098644774913 5 2133 2 72057594037927936 1224979098644774913 1521 3 1224979098644774912 1369094286720630809 1 1521 3 1224979098644774912 1369094286720630797 1 1521 3 1224979098644774912 1369094286720630798 1 520 3 1224979098644774914 1224979098644774912 142 2107 2 1224979098644774914 -1 1523 3 1224979098644774912 0 1224979098644774914 520 3 1224979098644774914 1224979098644774912 143 2107 2 1224979098644774914 -1 1523 3 1224979098644774912 1 1224979098644774914 520 3 1224979098644774914 1224979098644774912 144 2107 2 1224979098644774914 -1 1523 3 1224979098644774912 2 1224979098644774914 520 3 1224979098644774914 1224979098644774912 145 2107 2 1224979098644774914 -1 1523 3 1224979098644774912 3 1224979098644774914 520 3 1224979098644774914 1224979098644774912 146 2107 2 1224979098644774914 -1 1523 3 1224979098644774912 5 1224979098644774914 5 0 31 2 1224979098644774913 7 2133 2 72057594037927936 1224979098644774913 1521 3 1224979098644774912 1369094286720630809 1 1521 3 1224979098644774912 1369094286720630797 1 1521 3 1224979098644774912 1369094286720630798 1 520 3 1224979098644774914 1224979098644774912 142 2107 2 1224979098644774914 -1 1523 3 1224979098644774912 0 1224979098644774914 520 3 1224979098644774914 1224979098644774912 143 2107 2 1224979098644774914 -1 1523 3 1224979098644774912 1 1224979098644774914 520 3 1224979098644774914 1224979098644774912 144 2107 2 1224979098644774914 -1 1523 3 1224979098644774912 2 1224979098644774914 520 3 1224979098644774914 1224979098644774912 145 2107 2 1224979098644774914 -1 1523 3 1224979098644774912 3 1224979098644774914 520 3 1224979098644774914 1224979098644774912 146 2107 2 1224979098644774914 -1 1523 3 1224979098644774912 5 1224979098644774914 5 0 31 2 1224979098644774913 6 2133 2 72057594037927936 1224979098644774913 5 0 31 2 1224979098644774913 8 2133 2 72057594037927936 1224979098644774913 520 3 1224979098644774914 1224979098644774912 142 2107 2 1224979098644774914 -1 1523 3 1224979098644774912 3 1224979098644774914 520 3 1224979098644774914 1224979098644774912 143 2107 2 1224979098644774914 -1 1523 3 1224979098644774912 5 1224979098644774914 5 0 31 2 1224979098644774913 9 2133 2 72057594037927936 1224979098644774913 520 3 1224979098644774914 1224979098644774912 142 2107 2 1224979098644774914 -1 1523 3 1224979098644774912 3 1224979098644774914 520 3 1224979098644774914 1224979098644774912 143 2107 2 1224979098644774914 -1 1523 3 1224979098644774912 5 1224979098644774914 5 0 31 2 1224979098644774913 10 2133 2 72057594037927936 1224979098644774913 1521 3 1224979098644774912 1369094286720630809 1 1521 3 1224979098644774912 1369094286720630797 1 1521 3 1224979098644774912 1369094286720630798 1 520 3 1224979098644774914 1224979098644774912 142 2107 2 1224979098644774914 -1 1523 3 1224979098644774912 0 1224979098644774914 520 3 1224979098644774914 1224979098644774912 143 2107 2 1224979098644774914 -1 1523 3 1224979098644774912 1 1224979098644774914 520 3 1224979098644774914 1224979098644774912 144 2107 2 1224979098644774914 -1 1523 3 1224979098644774912 2 1224979098644774914 5 0 31 2 1224979098644774913 11 2133 2 72057594037927936 1224979098644774913 1521 3 1224979098644774912 1369094286720630809 -7 520 3 1224979098644774914 1224979098644774912 142 2107 2 1224979098644774914 -1 1523 3 1224979098644774912 3 1224979098644774914 520 3 1224979098644774914 1224979098644774912 143 2107 2 1224979098644774914 -1 1523 3 1224979098644774912 5 1224979098644774914 5 0 31 2 1224979098644774913 12 2133 2 72057594037927936 1224979098644774913 520 3 1224979098644774914 1224979098644774912 142 2107 2 1224979098644774914 -1 1523 3 1224979098644774912 3 1224979098644774914 520 3 1224979098644774914 1224979098644774912 143 2107 2 1224979098644774914 -1 1523 3 1224979098644774912 5 1224979098644774914 5 0 31 2 1224979098644774913 13 2133 2 72057594037927936 1224979098644774913 520 3 1224979098644774914 1224979098644774912 142 2107 2 1224979098644774914 -1 1523 3 1224979098644774912 3 1224979098644774914 520 3 1224979098644774914 1224979098644774912 143 2107 2 1224979098644774914 -1 1523 3 1224979098644774912 5 1224979098644774914 5 0 31 2 1224979098644774913 14 2133 2 72057594037927936 1224979098644774913 520 3 1224979098644774914 1224979098644774912 142 2107 2 1224979098644774914 -1 1523 3 1224979098644774912 3 1224979098644774914 520 3 1224979098644774914 1224979098644774912 143 2107 2 1224979098644774914 -1 1523 3 1224979098644774912 5 1224979098644774914 5 0 31 2 1224979098644774913 15 2133 2 72057594037927936 1224979098644774913 520 3 1224979098644774914 1224979098644774912 142 2107 2 1224979098644774914 -1 1523 3 1224979098644774912 3 1224979098644774914 520 3 1224979098644774914 1224979098644774912 143 2107 2 1224979098644774914 -1 1523 3 1224979098644774912 5 1224979098644774914 5 0 3 0 3 0 3 0 
-8.000000  26 2071 1 1224979098644774912 4 0 31 2 1224979098644774912 0 2133 2 144115188075855975 0 1603 3 648518346341351424 512 0 1625 2 1 648518346341351424 1628 3 0 1 1 1626 2 648518346341351424 0 1030 3 0 1 1 4 0 2147483680 2 144115188075856047 0 1103 1 0 1100 2 648518346341351424 576460752303423488 2133 2 144115188075856047 72057594037927936 1603 3 144115188075856047 2115072 1 2322 2 1 360287970189639680 1669 2 144115188075856047 1585267068834415182 1676 2 144115188075856047 1297036692682702919 501 3 144115188075856047 0 16 3 0 1231 1 144115188075856047 1626 2 144115188075856047 0 1676 2 144115188075856047 1297036692682702920 2133 2 144115188075856047 -1 2060 1 864691128455135419 3 0 
12.000000  194 2133 2 1224979098644774912 0 6 3 1224979098644774913 432345564227567619 432345564227567638 542 3 1224979098644774913 21 0 2105 2 1224979098644774912 1 522 3 1224979098644774914 1224979098644774913 154 2204 2 1224979098644774915 1224979098644774914 3221225503 2 1224979098644774913 1224979098644774915 2147484210 3 1224979098644774913 150 1 2133 2 1224979098644774916 0 4 0 31 2 1224979098644774913 432345564227567637 4 0 502 3 1224979098644774913 21 2 2133 2 1224979098644774916 1 3 0 5 0 502 3 1224979098644774913 21 1 2133 2 1224979098644774917 0 2133 2 1224979098644774918 432345564227567622 522 3 1224979098644774919 1224979098644774913 160 522 3 1224979098644774920 1224979098644774913 159 6 3 1224979098644774921 432345564227567619 432345564227567638 542 3 1224979098644774921 21 0 542 3 1224979098644774921 159 1224979098644774920 2190 3 1224979098644774922 1224979098644774921 1224979098644774913 2147483678 2 1224979098644774922 0 522 3 1224979098644774923 1224979098644774921 150 32 2 1224979098644774923 1224979098644774917 2133 2 1224979098644774917 1224979098644774923 2133 2 1224979098644774918 1224979098644774921 3 0 4 0 31 2 1224979098644774917 0 6 3 1224979098644774921 432345564227567619 432345564227567638 542 3 1224979098644774921 21 0 1073742366 3 1224979098644774921 160 1224979098644774920 542 3 1224979098644774921 160 1224979098644774919 2190 3 1224979098644774922 1224979098644774921 1224979098644774913 2147483678 2 1224979098644774922 0 522 3 1224979098644774923 1224979098644774921 150 32 2 1224979098644774923 1224979098644774917 2133 2 1224979098644774917 1224979098644774923 2133 2 1224979098644774918 1224979098644774921 3 0 3 0 11 1 1224979098644774924 132 1 1224979098644774924 2204 2 1224979098644774925 1224979098644774924 31 2 1224979098644774925 1224979098644774913 1695 2 1224979098644774926 1224979098644774924 7 3 1224979098644774927 0 1224979098644774926 1696 3 1224979098644774928 1224979098644774924 1224979098644774927 32 2 1224979098644774928 0 132 1 1224979098644774928 1661 1 1224979098644774928 3 0 4 0 2147483681 3 1224979098644774924 648518346341351444 648518346341351522 1232 1 1224979098644774924 5 0 4 0 541 3 1224979098644774924 258 1 1 2 936748722493063564 1224979098644774924 5 0 1617 1 1224979098644774924 521 3 1224979098644774929 1224979098644774924 54 4 0 32 2 1224979098644774929 0 132 1 1224979098644774929 2204 2 1224979098644774930 1224979098644774929 561 3 1224979098644774924 54 1 1 3 936748722493063312 1224979098644774924 1224979098644774930 1 3 936748722493063335 1224979098644774924 0 5 0 2133 2 1224979098644774931 1224979098644774918 2133 2 1224979098644774932 0 6 3 1224979098644774921 432345564227567619 432345564227567638 542 3 1224979098644774921 21 0 1073742366 3 1224979098644774921 160 1224979098644774920 542 3 1224979098644774921 160 1224979098644774919 2190 3 1224979098644774922 1224979098644774921 1224979098644774913 2147483678 2 1224979098644774922 0 522 3 1224979098644774923 1224979098644774921 150 522 3 1224979098644774933 1224979098644774921 154 1 3 936748722493063565 1224979098644774924 1224979098644774933 2133 2 1224979098644774934 72057594037927936 2110 2 1224979098644774923 7000 2107 2 1224979098644774923 1000 2123 3 1224979098644774935 1224979098644774923 1224979098644774934 32 2 1224979098644774935 1224979098644774932 2133 2 1224979098644774932 1224979098644774935 2133 2 1224979098644774931 1224979098644774921 3 0 1 3 936748722493063312 1224979098644774924 1224979098644774931 3 0 6 3 1224979098644774936 0 5 1 2 936748722493063320 1224979098644774924 3 0 3 0 3 0 3 0 6 3 1224979098644774937 360287970189640212 360287970189640273 2173 2 1224979098644774938 1224979098644774937 31 2 1224979098644774938 1224979098644774913 500 3 1224979098644774937 2 0 3 0 4 0 542 3 1224979098644774913 158 0 2133 2 1224979098644774939 0 6 3 1224979098644774940 432345564227567619 432345564227567638 542 3 1224979098644774940 158 0 542 3 1224979098644774940 21 0 2105 2 1224979098644774939 1 3 0 4 0 31 2 1224979098644774939 0 6 3 1224979098644774941 432345564227567619 432345564227567638 542 3 1224979098644774941 158 1 6 3 1224979098644774942 432345564227567619 432345564227567638 542 3 1224979098644774942 158 2 1270 3 1224979098644774941 1224979098644774942 -50 3 0 3 0 6 3 1224979098644774943 432345564227567619 432345564227567638 2147483679 2 1224979098644774943 432345564227567637 2190 3 1224979098644774944 144115188075855986 1224979098644774943 1 3 936748722493063345 1224979098644774943 1224979098644774944 522 3 1224979098644774920 1224979098644774943 159 502 3 1224979098644774943 160 1224979098644774920 4 0 522 3 1224979098644774945 1224979098644774943 161 132 1 1224979098644774945 1 2 936748722493063564 1224979098644774945 3 0 3 0 2133 2 144115188075855881 2 1120 2 1585267068834415203 1585267068834415204 600 1 1152921504606847184 3 0 3 0 2335 2 2 1224979098644774913 1105 1 1585267068834415205 1 1 936748722493063560 2133 2 144115188075855917 1 2133 2 1224979098644774916 1 4 0 31 2 144115188075856284 1224979098644774913 2133 2 144115188075856284 0 1 4 936748722493063354 864691128455135409 1224979098644774913 0 3 0 1 4 936748722493063354 864691128455135415 1224979098644774913 0 4 0 31 2 144115188075855986 1224979098644774913 522 3 1224979098644774946 144115188075855986 158 2133 2 1224979098644774947 1 6 3 1224979098644774948 432345564227567619 432345564227567638 542 3 1224979098644774948 21 0 542 3 1224979098644774948 158 1224979098644774946 2133 2 1224979098644774947 0 3 0 4 0 31 2 1224979098644774947 1 1 4 936748722493063354 864691128455135407 1224979098644774946 0 5 0 1 4 936748722493063354 864691128455135408 1224979098644774946 0 3 0 3 0 3 0 4 0 31 2 1224979098644774916 1 2106 2 1224979098644774912 1 1 1 936748722493063513 3 0 6 3 1224979098644774949 432345564227567619 432345564227567638 1 2 936748722493063458 1224979098644774949 3 0 3 0 2133 2 1224979098644774947 1 2133 2 1224979098644774950 -1 6 3 1224979098644774913 432345564227567619 432345564227567638 542 3 1224979098644774913 21 0 522 3 1224979098644774951 1224979098644774913 158 4 0 31 2 1224979098644774950 -1 2133 2 1224979098644774950 1224979098644774951 5 0 2147483679 2 1224979098644774950 1224979098644774951 2133 2 1224979098644774947 0 3 0 3 0 4 0 31 2 1224979098644774947 1 1 4 936748722493063354 864691128455135406 1224979098644774950 0 3 0 
5.000000  25 6 3 1224979098644774912 432345564227567619 432345564227567638 522 3 1224979098644774913 1224979098644774912 150 522 3 1224979098644774914 1224979098644774912 153 502 3 1224979098644774912 150 1224979098644774914 2108 2 1224979098644774913 1000 2108 2 1224979098644774914 1000 2147483679 2 1224979098644774913 1224979098644774914 2190 3 1224979098644774915 144115188075855986 1224979098644774912 4 0 2121 3 1224979098644774916 1224979098644774914 1224979098644774913 2107 2 1224979098644774916 1224979098644774915 30 2 1224979098644774916 0 2133 2 1224979098644774917 5308240 5 0 2133 2 1224979098644774917 16732240 3 0 2335 2 22 1224979098644774912 1 2 936748722493063557 1224979098644774912 4 0 2147483678 2 1224979098644774913 1224979098644774914 1106 2 1585267068834415206 1224979098644774917 5 0 1106 2 1585267068834415207 1224979098644774917 3 0 3 0 
8.000000  10 11 1 1224979098644774912 132 1 1224979098644774912 541 3 1224979098644774912 0 12 131 1 1224979098644774912 1665 2 1224979098644774913 1224979098644774912 2133 2 144115188075855899 1 1661 1 1224979098644774912 1 3 936748722493063258 1224979098644774913 1224979098644774912 1232 1 1224979098644774912 3 0 
6.000000  39 2270 1 1224979098644774912 6 3 1224979098644774913 432345564227567619 432345564227567638 542 3 1224979098644774913 21 0 522 3 1224979098644774914 1224979098644774913 160 2147484190 3 1224979098644774913 159 1224979098644774914 522 3 1224979098644774915 1224979098644774913 161 2147483780 1 1224979098644774915 522 3 1224979098644774916 1224979098644774913 162 2105 2 1224979098644774916 72 30 2 1224979098644774912 1224979098644774916 2136 3 1224979098644774917 0 100 2147483678 2 1224979098644774917 30 501 3 1224979098644774915 259 1224979098644774914 1 2 936748722493063563 1224979098644774913 1626 2 1224979098644774915 1 1231 1 1224979098644774915 1 2 936748722493063562 1224979098644774914 2335 2 2 1224979098644774913 4 0 2190 3 1224979098644774918 144115188075855986 1224979098644774913 32 2 1224979098644774918 0 2133 2 1224979098644774919 5308240 5 0 2133 2 1224979098644774919 16732240 3 0 1105 2 1585267068834415208 1224979098644774919 1 2 936748722493063462 1224979098644774915 2133 2 1224979098644774920 20 521 3 1224979098644774921 1224979098644774915 257 6 3 1224979098644774922 0 1224979098644774920 4 0 1601 2 1224979098644774923 1224979098644774915 2147483680 2 1224979098644774921 1224979098644774923 2133 2 1224979098644774920 0 5 0 1 2 936748722493063320 1224979098644774915 3 0 3 0 3 0 
1.000000  1 1 1 936748722493063480 
999.000000  0 
999.000000  0 
999.000000  0 
999.000000  0 
999.000000  0 
999.000000  0 
999.000000  0 
999.000000  0 
