46
tab_game_character_sheet 0 tableau_with_transparency 1024 1024 0 0 266 532 13 23 2 1224979098644774912 1 1985 1 4287137928 1987 3 10 11 15 2124 1 100 1989 5 0 40 40 0 100000 701 1 1 731 2 1 100 729 2 1 -20 730 2 1 -20 1980 5 1729382256910270484 1224979098644774912 1 0 0 731 2 1 200 1980 5 1729382256910270483 1224979098644774912 1 0 0 731 2 1 300 
tab_game_inventory_window 0 tableau_with_transparency 1024 1024 0 0 180 270 13 23 2 1224979098644774912 1 1985 1 4287137928 1987 3 10 11 15 2124 1 100 1989 5 0 40 40 0 100000 701 1 1 731 2 1 100 729 2 1 -20 730 2 1 -20 1980 5 1729382256910270486 1224979098644774912 1 0 0 731 2 1 200 1980 5 1729382256910270485 1224979098644774912 1 0 0 731 2 1 300 
tab_game_party_window 0 tableau_with_transparency 1024 1024 0 0 300 300 13 23 2 1224979098644774912 1 1985 1 4287137928 1987 3 10 11 15 2124 1 100 1989 5 0 40 40 0 100000 701 1 1 731 2 1 100 729 2 1 -20 730 2 1 -20 1980 5 1729382256910270488 1224979098644774912 1 0 0 731 2 1 200 1980 5 1729382256910270487 1224979098644774912 1 0 0 731 2 1 300 
tab_round_shield_1 0 sample_shield_round_1 512 256 0 0 0 0 10 23 2 1224979098644774912 1 2124 1 100 701 1 1 729 2 1 -50 730 2 1 125 1992 4 1224979098644774912 1 120 0 701 1 1 731 2 1 10 1992 4 1441151880758558888 1 0 0 1989 5 0 200 100 0 100000 
tab_round_shield_2 0 sample_shield_matte 512 256 0 0 0 0 10 23 2 1224979098644774912 1 2124 1 100 701 1 1 729 2 1 -50 730 2 1 120 1992 4 1224979098644774912 1 116 0 701 1 1 731 2 1 10 1992 4 1441151880758558889 1 0 0 1989 5 0 200 100 0 100000 
tab_round_shield_3 0 sample_shield_matte 512 256 0 0 0 0 10 23 2 1224979098644774912 1 2124 1 100 701 1 1 729 2 1 -50 730 2 1 120 1992 4 1224979098644774912 1 116 0 701 1 1 731 2 1 10 1992 4 1441151880758558890 1 0 0 1989 5 0 200 100 0 100000 
tab_round_shield_4 0 sample_shield_matte 512 256 0 0 0 0 10 23 2 1224979098644774912 1 2124 1 100 701 1 1 729 2 1 -50 730 2 1 125 1992 4 1224979098644774912 1 123 0 701 1 1 731 2 1 10 1992 4 1441151880758558891 1 0 0 1989 5 0 200 100 0 100000 
tab_round_shield_5 0 sample_shield_matte 512 256 0 0 0 0 10 23 2 1224979098644774912 1 2124 1 100 701 1 1 729 2 1 -50 730 2 1 125 1992 4 1224979098644774912 1 122 0 701 1 1 731 2 1 10 1992 4 1441151880758558892 1 0 0 1989 5 0 200 100 0 100000 
tab_small_round_shield_1 0 sample_shield_small_round_1 512 256 0 0 0 0 10 23 2 1224979098644774912 1 2124 1 100 701 1 1 729 2 1 -50 730 2 1 130 1992 4 1224979098644774912 1 127 0 701 1 1 731 2 1 10 1992 4 1441151880758558893 1 0 0 1989 5 0 200 100 0 100000 
tab_small_round_shield_2 0 sample_shield_small_round_2 512 256 0 0 0 0 10 23 2 1224979098644774912 1 2124 1 100 701 1 1 729 2 1 -50 730 2 1 130 1992 4 1224979098644774912 1 127 0 701 1 1 731 2 1 10 1992 4 1441151880758558894 1 0 0 1989 5 0 200 100 0 100000 
tab_small_round_shield_3 0 sample_shield_matte 512 256 0 0 0 0 10 23 2 1224979098644774912 1 2124 1 100 701 1 1 729 2 1 -50 730 2 1 130 1992 4 1224979098644774912 1 127 0 701 1 1 731 2 1 10 1992 4 1441151880758558895 1 0 0 1989 5 0 200 100 0 100000 
tab_gon_shield_round 0 sample_shield_matte 512 256 0 0 0 0 10 23 2 1224979098644774912 1 2124 1 100 701 1 1 729 2 1 -50 730 2 1 130 1992 4 1224979098644774912 1 127 0 701 1 1 731 2 1 10 1992 4 1441151880758558881 1 0 0 1989 5 0 200 100 0 100000 
tab_gon_shield_square 0 sample_shield_matte 512 512 0 0 0 0 10 23 2 1224979098644774912 1 2124 1 100 701 1 1 729 2 1 -54 730 2 1 120 1992 4 1224979098644774912 1 116 0 701 1 1 731 2 1 10 1992 4 1441151880758558880 1 0 0 1989 5 0 200 200 0 100000 
tab_gon_shield_kite 0 sample_shield_matte 512 512 0 0 0 0 10 23 2 1224979098644774912 1 2124 1 100 701 1 1 729 2 1 -50 730 2 1 160 1992 4 1224979098644774912 1 120 0 701 1 1 731 2 1 10 1992 4 1441151880758558878 1 0 0 1989 5 0 200 200 0 100000 
tab_gon_shield_tower 0 sample_shield_matte 512 512 0 0 0 0 10 23 2 1224979098644774912 1 2124 1 100 701 1 1 729 2 1 -60 730 2 1 151 1992 4 1224979098644774912 1 116 0 701 1 1 731 2 1 10 1992 4 1441151880758558879 1 0 0 1989 5 0 200 200 0 100000 
tab_heraldic_armor_b 0 sample_heraldic_rohan_armor 512 512 0 0 0 0 15 23 2 1224979098644774912 1 2124 1 100 2121 3 1224979098644774913 1224979098644774912 1441151880758558982 520 3 1224979098644774914 360287970189640470 1224979098644774913 1985 1 1224979098644774914 701 1 1 1993 5 1441151880758558896 1 200 100 1224979098644774914 701 1 1 729 2 1 0 730 2 1 90 1992 4 1224979098644774912 1 84 0 701 1 1 731 2 1 100 1992 4 1441151880758558897 1 0 0 1989 5 0 200 200 0 100000 
tab_tld_tunic 0 tld_tunic 512 512 0 0 0 0 6 23 2 1224979098644774912 1 2124 1 100 701 1 1 731 2 1 10 1992 4 1224979098644774912 1 0 0 1989 5 0 200 200 0 100000 
tab_troop_note_alpha_mask 0 mat_troop_portrait_mask 1024 1024 0 0 400 400 5 23 2 1224979098644774912 1 1985 1 8947848 1987 3 10 11 15 1984 0 1 2 936748722493063466 1224979098644774912 
tab_troop_note_color 0 mat_troop_portrait_color 1024 1024 0 0 400 400 4 23 2 1224979098644774912 1 1985 1 4291214228 1987 3 10 11 15 1 2 936748722493063466 1224979098644774912 
tab_troop_character_alpha_mask 0 mat_troop_portrait_mask 1024 1024 0 0 400 400 5 23 2 1224979098644774912 1 1985 1 8947848 1987 3 10 11 15 1984 0 1 2 936748722493063467 1224979098644774912 
tab_troop_character_color 0 mat_troop_portrait_color 1024 1024 0 0 400 400 4 23 2 1224979098644774912 1 1985 1 4292923313 1987 3 10 11 15 1 2 936748722493063467 1224979098644774912 
tab_troop_inventory_alpha_mask 0 mat_troop_portrait_mask 1024 1024 0 0 400 400 5 23 2 1224979098644774912 1 1985 1 8947848 1987 3 10 11 15 1984 0 1 2 936748722493063468 1224979098644774912 
tab_troop_inventory_color 0 mat_troop_portrait_color 1024 1024 0 0 400 400 4 23 2 1224979098644774912 1 1985 1 4285159482 1987 3 10 11 15 1 2 936748722493063468 1224979098644774912 
tab_troop_party_alpha_mask 0 mat_troop_portrait_mask 1024 1024 0 0 400 400 5 23 2 1224979098644774912 1 1985 1 8947848 1987 3 10 11 15 1984 0 1 2 936748722493063469 1224979098644774912 
tab_troop_party_color 0 mat_troop_portrait_color 1024 1024 0 0 400 400 4 23 2 1224979098644774912 1 1985 1 4290681970 1987 3 10 11 15 1 2 936748722493063469 1224979098644774912 
tab_troop_note_mesh 0 tableau_with_transparency 1024 1024 0 0 350 350 14 23 2 1224979098644774912 1 1985 1 4287137928 1987 3 10 11 15 2124 1 100 1989 5 0 40 40 0 100000 701 1 1 731 2 1 100 729 2 1 -20 730 2 1 -20 1980 5 1729382256910270482 1224979098644774912 1 0 0 731 2 1 200 1980 5 1729382256910270481 1224979098644774912 1 0 0 731 2 1 300 1992 4 1441151880758558792 1 0 0 
tab_center_note_mesh 0 tableau_with_transparency 1024 1024 0 0 200 200 31 23 2 1224979098644774912 1 2124 1 100 1985 1 8947848 1987 3 10 11 15 701 1 8 729 2 8 -210 730 2 8 200 731 2 8 300 1990 4 8 550 500 450 1989 5 1 10 10 10 10000 701 1 1 731 2 1 0 731 2 1 -500 701 1 1 730 2 1 -100 729 2 1 -100 731 2 1 100 725 2 1 200 1681 2 1224979098644774913 1224979098644774912 4 0 30 2 1224979098644774913 0 1994 3 1224979098644774913 1 0 3 0 701 1 5 729 2 5 -90 731 2 5 500 730 2 5 480 723 2 5 -90 725 2 5 180 723 2 5 -35 1988 1 5 
tab_faction_note_mesh_for_menu 0 pic_arms_swadian 1024 512 0 0 450 225 13 23 2 1224979098644774912 1 1985 1 4294967295 2124 1 100 4 0 33 3 1224979098644774912 432345564227567619 432345564227567638 2120 3 1224979098644774913 1441151880758558787 1224979098644774912 2106 2 1224979098644774913 432345564227567619 701 1 1 730 2 1 -5 729 2 1 -45 1992 4 1224979098644774913 1 0 0 1989 5 0 160 80 0 100000 3 0 
tab_faction_note_mesh 0 pic_arms_swadian 1024 512 0 0 500 250 12 23 2 1224979098644774912 1 1985 1 4294967295 2124 1 100 4 0 33 3 1224979098644774912 432345564227567619 432345564227567638 2120 3 1224979098644774913 1441151880758558787 1224979098644774912 2106 2 1224979098644774913 432345564227567619 701 1 1 730 2 1 -5 1992 4 1224979098644774913 1 0 0 1989 5 0 100 50 0 100000 3 0 
tab_faction_note_mesh_banner 0 tableau_with_transparency 1024 1024 0 0 200 200 15 23 2 1224979098644774912 1 2124 1 100 4 0 522 3 1224979098644774913 1224979098644774912 10 30 2 1224979098644774913 0 520 3 1224979098644774914 1224979098644774913 13 2120 3 1224979098644774915 1080863910568919317 1 33 3 1224979098644774914 1080863910568919234 1224979098644774915 2106 2 1224979098644774914 1080863910568919234 2120 3 1224979098644774916 1224979098644774914 1441151880758558898 701 1 1 730 2 1 100 1992 4 1224979098644774916 1 0 0 1989 5 0 210 210 0 100000 3 0 
tab_2_factions_mesh 0 tableau_with_transparency 1024 1024 0 0 200 200 33 23 2 1224979098644774912 1 2119 3 1224979098644774913 1224979098644774912 128 2108 2 1224979098644774912 128 2105 2 1224979098644774912 432345564227567619 2105 2 1224979098644774913 432345564227567619 2124 1 100 4 0 522 3 1224979098644774914 1224979098644774912 10 30 2 1224979098644774914 0 520 3 1224979098644774915 1224979098644774914 13 2120 3 1224979098644774916 1080863910568919317 1 33 3 1224979098644774915 1080863910568919234 1224979098644774916 2106 2 1224979098644774915 1080863910568919234 2120 3 1224979098644774917 1224979098644774915 1441151880758558898 701 1 1 729 2 1 -50 730 2 1 100 1992 4 1224979098644774917 1 0 0 3 0 4 0 522 3 1224979098644774914 1224979098644774913 10 30 2 1224979098644774914 0 520 3 1224979098644774915 1224979098644774914 13 2120 3 1224979098644774916 1080863910568919317 1 33 3 1224979098644774915 1080863910568919234 1224979098644774916 2106 2 1224979098644774915 1080863910568919234 2120 3 1224979098644774917 1224979098644774915 1441151880758558898 701 1 1 729 2 1 50 730 2 1 100 1992 4 1224979098644774917 1 0 0 3 0 1989 5 0 210 210 0 100000 
tab_color_picker 0 missiles 32 32 0 0 0 0 9 23 2 1224979098644774912 1 2124 1 100 701 1 1 1992 4 1441151880758558802 1 0 0 722 2 1 1 720 2 1 -2 721 2 1 -2 1993 5 1441151880758558796 1 200 0 1224979098644774912 1989 5 0 20 20 0 100000 
tab_custom_banner_square_no_mesh 0 missiles 512 512 0 0 300 300 4 23 2 1224979098644774912 1 2124 1 100 1 11 936748722493063506 1224979098644774912 0 0 10000 10000 9800 9800 10000 10000 0 1989 5 0 100 100 0 100000 
tab_custom_banner_default 0 missiles 512 256 0 0 0 0 7 23 2 1224979098644774912 1 2124 1 100 1 11 936748722493063506 1224979098644774912 -9 -2 7450 19400 7200 18000 9000 10000 0 701 1 1 731 2 1 10 1992 4 1441151880758558884 1 0 0 1989 5 0 100 200 0 100000 
tab_custom_banner_tall 0 missiles 512 256 0 0 0 0 7 23 2 1224979098644774912 1 2124 1 100 1 11 936748722493063506 1224979098644774912 -9 12 8250 18000 8000 21000 10000 10000 0 701 1 1 731 2 1 10 1992 4 1441151880758558884 1 0 0 1989 5 0 100 200 0 100000 
tab_custom_banner_square 0 missiles 256 256 0 0 0 0 7 23 2 1224979098644774912 1 2124 1 100 1 11 936748722493063506 1224979098644774912 -11 10 7700 7700 7500 7500 8300 10000 0 701 1 1 731 2 1 10 1992 4 1441151880758558885 1 0 0 1989 5 0 100 100 0 100000 
tab_custom_banner_short 0 missiles 256 512 0 0 0 0 7 23 2 1224979098644774912 1 2124 1 100 1 11 936748722493063506 1224979098644774912 -10 0 8050 5000 4200 4800 6600 10000 0 701 1 1 731 2 1 10 1992 4 1441151880758558887 1 0 0 1989 5 0 100 50 0 100000 
tab_background_selection 0 missiles 512 512 0 0 100 100 7 23 2 1224979098644774912 1 520 3 1224979098644774913 360287970189639680 91 500 3 360287970189639680 91 1224979098644774912 2124 1 100 1 11 936748722493063506 360287970189639680 0 0 10000 10000 9800 9800 10000 10000 0 1989 5 0 100 100 0 100000 500 3 360287970189639680 91 1224979098644774913 
tab_positioning_selection 0 missiles 512 512 0 0 100 100 7 23 2 1224979098644774912 1 520 3 1224979098644774913 360287970189639680 98 500 3 360287970189639680 98 1224979098644774912 2124 1 100 1 11 936748722493063506 360287970189639680 0 0 10000 10000 9800 9800 10000 10000 0 1989 5 0 100 100 0 100000 500 3 360287970189639680 98 1224979098644774913 
tab_retirement_troop 0 troop_portrait 1024 1024 0 0 600 600 74 23 2 1224979098644774912 1 2124 1 100 1985 1 0 1987 3 10 11 15 701 1 8 729 2 8 -210 730 2 8 200 731 2 8 300 1990 4 8 550 500 450 1997 1 447 4 0 31 2 1224979098644774912 0 1999 1 288230376151711868 1999 1 288230376151711851 2133 2 1224979098644774913 1801439850948198701 5 0 31 2 1224979098644774912 1 1999 1 288230376151711854 1999 1 288230376151711851 2133 2 1224979098644774913 1801439850948198701 5 0 31 2 1224979098644774912 2 1999 1 288230376151711854 1999 1 288230376151711851 2133 2 1224979098644774913 1801439850948198702 5 0 31 2 1224979098644774912 3 1999 1 288230376151711854 1999 1 288230376151711851 2133 2 1224979098644774913 1801439850948198702 5 0 31 2 1224979098644774912 4 1999 1 288230376151711854 1999 1 288230376151711851 2133 2 1224979098644774913 1801439850948198703 5 0 31 2 1224979098644774912 5 1999 1 288230376151711854 1999 1 288230376151711851 2133 2 1224979098644774913 1801439850948198703 5 0 31 2 1224979098644774912 6 1999 1 288230376151711854 1999 1 288230376151711851 2133 2 1224979098644774913 1801439850948198704 5 0 31 2 1224979098644774912 7 1999 1 288230376151711854 1999 1 288230376151711851 2133 2 1224979098644774913 1801439850948198704 5 0 31 2 1224979098644774912 8 1999 1 288230376151711854 1999 1 288230376151711851 2133 2 1224979098644774913 1801439850948198704 5 0 31 2 1224979098644774912 9 1999 1 288230376151711854 1999 1 288230376151711851 2133 2 1224979098644774913 1801439850948198705 5 0 1999 1 288230376151711854 1999 1 288230376151711851 2133 2 1224979098644774913 1801439850948198705 3 0 701 1 2 1989 5 1 6 6 10 10000 701 1 5 731 2 5 96 730 2 5 350 1995 4 360287970189639680 2 1224979098644774913 0 723 2 5 -90 725 2 5 180 1988 1 5 
tab_retired_troop_alpha_mask 0 mat_troop_portrait_mask 512 512 0 0 400 400 5 23 2 1224979098644774912 1 1985 1 8947848 1987 3 10 11 15 1984 0 1 2 936748722493063466 1224979098644774912 
tab_retired_troop_color 0 mat_troop_portrait_color 512 512 0 0 400 400 4 23 2 1224979098644774912 1 1985 1 4293383065 1987 3 10 11 15 1 2 936748722493063466 1224979098644774912 
tab_retired_troop 0 tableau_with_transparency 512 512 0 0 400 400 12 23 2 1224979098644774912 1 1985 1 4287137928 1987 3 10 11 15 2124 1 100 1989 5 0 40 40 0 100000 701 1 1 731 2 1 100 729 2 1 -20 730 2 1 -20 1980 5 1729382256910270505 1224979098644774912 1 0 0 731 2 1 200 1980 5 1729382256910270504 1224979098644774912 1 0 0 
tab_rohan_plain_shield 0 rohan_shields 1024 1024 0 0 0 0 7 23 2 1224979098644774912 1 2124 1 100 701 1 1 1992 4 1441151880758558883 1 0 0 701 1 1 1992 4 1224979098644774912 1 0 0 1989 5 0 200 200 0 100000 
tab_rohan_boss_shield 0 rohan_shields 1024 1024 0 0 0 0 7 23 2 1224979098644774912 1 2124 1 100 701 1 1 1992 4 1441151880758558883 1 0 0 701 1 1 1992 4 1224979098644774912 1 0 0 1989 5 0 200 200 0 100000 
tab_far_harad_shield 0 rohan_shields 1024 1024 0 0 0 0 6 2124 1 100 701 1 1 1992 4 1441151880758558882 1 0 0 701 1 1 1992 4 1441151880758559081 1 100 0 1989 5 0 200 200 0 100000 
