1
5
1
2
1
1
1
5
6
5
1
82
10
2
2
2
2
1
2
790
73
371
63
30
37
2
1
4
16
4
2
2
71
9
5
7
60
8
4
3
1
5
2
2
5
1
3
7
30
1
20
6
17
2
4
3
8
144
16
17
1
11
11
11
1
5
3
1
25
4
1
5
2
25
2
1
2
2
2
104
1
1
2
1
1
2092
2063
2064
2063
4
1
4
5
4
4
35
50
29
120
1
1031
1031
2
12
3
63
6
12
1
1
84
32
5
6
41
119
10
4
25
5
4
444
1
4
10
2
427
13
5
7
78
22
1029
1029
4
1029
1
49
39
3
11
4
3
2
1
4
8
1
1
1
2
1
2
2
5
6
1
447
18
13
8
2
3
2
3
1
1
10
1
1
4
5
2
1
2
1
11
2
2
1
9
1
16
1
1
1
6
6
2
2
9
11
93
14
16
9
1
43
35
25
26
26
21
4
58
243
2
2
2
2
12
3
3
4
29
4
3
5
3
3
3
4
1
1
1
3
2
5
1
4
17
1
1
1
12
1
2
2
2
2
2
2
32
21
28
195
2
2
62
2
65
18
18
38
28
28
5
3
15
12
11
3
11
7
1
2
1
1
1
1
1
1
1
4
1
1
1
1
1
1
1
63
3
1
1
2
1
17
17
17
17
1
1
10
1
12
2
4
3
3
17
48
16
9
1
14
14
14
14
14
14
14
14
13
12
13
10
2
2
2
1
2
2
2
2
2
62
1
2
4
4
44
22
14
12
5
5
5
6
6
5
5
5
12
9
4
6
4
4
10
6
4
6
2
2
5
5
4
4
2
2
5
5
4
5
2
2
12
2
6
6
6
4
4
4
4
4
4
4
4
4
2
2
2
2
2
2
2
2
2
5
6
5
5
4
4
4
6
6
6
6
6
6
5
1
1
1
36
366
2
1
1
11
8
2
14
5
5
5
5
1
1
1
1
1
1
1
1
1
1
1
5
1
1
47
92
15
17
44
2
5
2
2
3
3
2
3
3
6
2
2
2
13
17
7
5
3
9
2
1
2
1
2
6
1
4
2
2
16
4
2
1
4
1
4
4
14
2
1
13
2
1
2
2
3
2
7
5
6
4
4
4
4
3
3
2
9
7
4
1
6
2
23
11
4
20
1
1
1
1
1
1
1
1
1
1
1
1
1
1
1
1
1
1
1
1
1
1
1
1
1
1
1
1
1
1
1
1
1
1
1
1
7
8
9
1
1
1
2
2
2
7
8
9
1
1
1
2
2
2
7
8
9
1
1
1
2
2
2
7
8
9
1
1
1
2
2
2
7
2
7
2
7
2
7
2
7
2
7
2
1
1
1
1
1
1
1
1
1
1
1
1
1
1
1
1
1
1
14
1
14
1
14
1
14
1
8
2
1
1
11
3
11
11
8
2
2
2
3
8
1
1
2
14
2
4
1
4
14
3
8
3
165
2
96
74
21
42
1
2
3
11
3
3
2
1
2
2
4
4
3
38
8
8
4
3
0
1
5
1
1
3
1
2
6
34
3
3
10
3
1
6
3
2
8
16
3
5
3
3
2
1
14
9
1
31
31
31
32
32
32
1
1
1
4
2
2
2
2
13
10
1
1
1
3
7
5
3
2
2
26
3
6
1
1
6
5
1
2
3
3
2
25
34
25
34
7
8
15
21
1
2
1
26
6
2
3
2
16
2
19
1
4
28
2
1
3
3
45
57
1
23
17
1
1
