partiesfile version 1
456 456
 1 0 0 p_main_party Main_Party 1048648 0 0 23 0 0 0 0 0 13.6 54.6 13.6 54.6 13.6 54.6 0 1 0 1 0 0 
0
 1 1 1 p_temp_party temp_party 256 0 0 1 0 0 0 0 0 0 0 0 0 0 0 0 0 
0
 1 2 2 p_camp_bandits camp_bandits 256 0 0 2 0 0 0 0 0 1 1 1 1 1 1 0 1 3 3 0 0 
0
 1 3 3 p_temp_party_2 temp_party_2 256 0 0 1 0 0 0 0 0 0 0 0 0 0 0 0 0 
0
 1 4 4 p_temp_casualties casualties 256 0 0 26 0 0 0 0 0 1 1 1 1 1 1 0 0 
0
 1 5 5 p_temp_casualties_2 casualties 256 0 0 26 0 0 0 0 0 1 1 1 1 1 1 0 0 
0
 1 6 6 p_temp_casualties_3 casualties 256 0 0 26 0 0 0 0 0 1 1 1 1 1 1 0 0 
0
 1 7 7 p_temp_wounded enemies_wounded 256 0 0 26 0 0 0 0 0 1 1 1 1 1 1 0 0 
0
 1 8 8 p_temp_killed enemies_killed 256 0 0 26 0 0 0 0 0 1 1 1 1 1 1 0 0 
0
 1 9 9 p_main_party_backup _ 256 0 0 26 0 0 0 0 0 1 1 1 1 1 1 0 0 
0
 1 10 10 p_encountered_party_backup _ 256 0 0 26 0 0 0 0 0 1 1 1 1 1 1 0 0 
0
 1 11 11 p_collective_friends_backup _ 256 0 0 26 0 0 0 0 0 1 1 1 1 1 1 0 0 
0
 1 12 12 p_player_casualties _ 256 0 0 26 0 0 0 0 0 1 1 1 1 1 1 0 0 
0
 1 13 13 p_enemy_casualties _ 256 0 0 26 0 0 0 0 0 1 1 1 1 1 1 0 0 
0
 1 14 14 p_ally_casualties _ 256 0 0 26 0 0 0 0 0 1 1 1 1 1 1 0 0 
0
 1 15 15 p_collective_enemy collective_enemy 256 0 0 26 0 0 0 0 0 1 1 1 1 1 1 0 0 
0
 1 16 16 p_collective_ally collective_ally 256 0 0 26 0 0 0 0 0 1 1 1 1 1 1 0 0 
0
 1 17 17 p_collective_friends collective_ally 256 0 0 26 0 0 0 0 0 1 1 1 1 1 1 0 0 
0
 1 18 18 p_town_minas_tirith Minas_Tirith 4220068 0 0 3 0 0 0 0 0 -47.47 24.28 -47.47 24.28 -47.47 24.28 0 0 
3.57792490556
 1 19 19 p_town_pelargir Pelargir 4220061 0 0 3 0 0 0 0 0 -41.31 61 -41.31 61 -41.31 61 0 0 
4.18879013333
 1 20 20 p_town_linhir Linhir 4220061 0 0 3 0 0 0 0 0 -0.83 59.13 -0.83 59.13 -0.83 59.13 0 0 
2.96705967778
 1 21 21 p_town_dol_amroth Dol_Amroth 4220055 0 0 3 0 0 0 0 0 46.6 64.6 46.6 64.6 46.6 64.6 0 0 
4.88692182222
 1 22 22 p_town_edhellond Edhellond 4220061 0 0 3 0 0 0 0 0 37.66 46.14 37.66 46.14 37.66 46.14 0 0 
2.96705967778
 1 23 23 p_town_lossarnach Lossarnach 4220051 0 0 3 0 0 0 0 0 -39.85 37 -39.85 37 -39.85 37 0 0 
2.96705967778
 1 24 24 p_town_tarnost Tarnost 4220051 0 0 3 0 0 0 0 0 15.31 63.94 15.31 63.94 15.31 63.94 0 0 
2.96705967778
 1 25 25 p_town_erech Erech 4220051 0 0 3 0 0 0 0 0 28.17 9.34 28.17 9.34 28.17 9.34 0 0 
2.96705967778
 1 26 26 p_town_pinnath_gelin Pinnath_Gelin 4220061 0 0 3 0 0 0 0 0 50.82 30.82 50.82 30.82 50.82 30.82 0 0 
2.96705967778
 1 27 27 p_town_west_osgiliath West_Osgiliath 4220058 0 0 3 0 0 0 0 0 -58.19 20.5 -58.19 20.5 -58.19 20.5 0 0 
0
 1 28 28 p_town_henneth_annun Henneth_Annun 4195490 0 0 3 0 0 0 0 0 -63.81 -14.05 -63.81 -14.05 -63.81 -14.05 0 0 
2.96705967778
 1 29 29 p_town_cair_andros Cair_Andros 4220050 0 0 3 0 0 0 0 0 -56.48 3.55 -56.48 3.55 -56.48 3.55 0 0 
2.96705967778
 1 30 30 p_town_calembel Calembel 4220061 0 0 3 0 0 0 0 0 -2.16 30.86 -2.16 30.86 -2.16 30.86 0 0 
0.872664611111
 1 31 31 p_town_edoras Edoras 4220059 0 0 5 0 0 0 0 0 22.8 -14.7 22.8 -14.7 22.8 -14.7 0 0 
3.75245782778
 1 32 32 p_town_aldburg Aldburg 4220076 0 0 5 0 0 0 0 0 7.9 -8.3 7.9 -8.3 7.9 -8.3 0 0 
2.96705967778
 1 33 33 p_town_hornburg Hornburg 4220065 0 0 5 0 0 0 0 0 40.2 -11.9 40.2 -11.9 40.2 -11.9 0 0 
3.31612552222
 1 34 34 p_town_east_emnet East_Emnet 4220076 0 0 5 0 0 0 0 0 -2.9 -27.6 -2.9 -27.6 -2.9 -27.6 0 0 
2.96705967778
 1 35 35 p_town_westfold Westfold 4220076 0 0 5 0 0 0 0 0 41.5 -29.3 41.5 -29.3 41.5 -29.3 0 0 
4.53785597778
 1 36 36 p_town_west_emnet West_Emnet 4220076 0 0 5 0 0 0 0 0 22.1 -40.1 22.1 -40.1 22.1 -40.1 0 0 
4.36332305556
 1 37 37 p_town_eastfold Eastfold 4220076 0 0 5 0 0 0 0 0 -19.2 -0.52 -19.2 -0.52 -19.2 -0.52 0 0 
2.96705967778
 1 38 38 p_town_morannon Morannon 4220070 0 0 6 0 0 0 0 0 -78.9 -34.2 -78.9 -34.2 -78.9 -34.2 0 0 
2.96705967778
 1 39 39 p_town_minas_morgul Minas_Morgul 4220069 0 0 6 0 0 0 0 0 -72.3 23.8 -72.3 23.8 -72.3 23.8 0 0 
2.96705967778
 1 40 40 p_town_cirith_ungol Orc_Patrol_Camp 4220075 0 0 6 0 0 0 0 0 -50.1 -45.3 -50.1 -45.3 -50.1 -45.3 0 0 
2.96705967778
 1 41 41 p_town_east_osgiliath East_Osgiliath 4220057 0 0 6 0 0 0 0 0 -62.2 20.6 -62.2 20.6 -62.2 20.6 0 0 
0
 1 42 42 p_town_orc_sentry_camp Orc_Sentry_Camp 4220075 0 0 6 0 0 0 0 0 -56.4 30.4 -56.4 30.4 -56.4 30.4 0 0 
2.96705967778
 1 43 43 p_town_isengard Isengard 4220067 0 0 7 0 0 0 0 0 52.8 -57.7 52.8 -57.7 52.8 -57.7 0 0 
2.96705967778
 1 44 44 p_town_urukhai_outpost Uruk_Hai_Outpost 4220075 0 0 7 0 0 0 0 0 23.7 -52.4 23.7 -52.4 23.7 -52.4 0 0 
2.96705967778
 1 45 45 p_town_urukhai_h_camp Uruk_Hai_Hunting_camp 4220075 0 0 7 0 0 0 0 0 16.8 -78.7 16.8 -78.7 16.8 -78.7 0 0 
2.96705967778
 1 46 46 p_town_urukhai_r_camp Uruk_Hai_River_camp 4220075 0 0 7 0 0 0 0 0 5.9 -54.9 5.9 -54.9 5.9 -54.9 0 0 
2.96705967778
 1 47 47 p_town_caras_galadhon Caras_Galadhon 4220062 0 0 8 0 0 0 0 0 -5.7 -131.3 -5.7 -131.3 -5.7 -131.3 0 0 
6.10865227778
 1 48 48 p_town_cerin_dolen Cerin_Dolen 4220078 0 0 8 0 0 0 0 0 20.2 -135.7 20.2 -135.7 20.2 -135.7 0 0 
2.96705967778
 1 49 49 p_town_cerin_amroth Cerin_Amroth 4220078 0 0 8 0 0 0 0 0 5.7 -134.3 5.7 -134.3 5.7 -134.3 0 0 
2.96705967778
 1 50 50 p_town_thranduils_halls Thranduil's_Halls 4220148 0 0 10 0 0 0 0 0 -30.8 -223 -30.8 -223 -30.8 -223 0 0 
2.96705967778
 1 51 51 p_town_woodelf_camp Woodelf_Camp 4220078 0 0 10 0 0 0 0 0 -42.3 -155.1 -42.3 -155.1 -42.3 -155.1 0 0 
2.96705967778
 1 52 52 p_town_woodelf_west_camp Woodelf_West_Camp 4220078 0 0 10 0 0 0 0 0 -6.2 -215.4 -6.2 -215.4 -6.2 -215.4 0 0 
2.96705967778
 1 53 53 p_town_woodsmen_village Woodsmen_Village 4220039 0 0 20 0 0 0 0 0 -35.4 -175.1 -35.4 -175.1 -35.4 -175.1 0 0 
2.96705967778
 1 54 54 p_town_beorning_village Beorning_Village 4220077 0 0 20 0 0 0 0 0 -4.4 -184.7 -4.4 -184.7 -4.4 -184.7 0 0 
2.96705967778
 1 55 55 p_town_beorn_house Beorn's_House 4220077 0 0 20 0 0 0 0 0 -19.7 -194 -19.7 -194 -19.7 -194 0 0 
2.96705967778
 1 56 56 p_town_moria Gates_of_Moria 4220071 0 0 16 0 0 0 0 0 55.33 -150.7 55.33 -150.7 55.33 -150.7 0 0 
3.49065844444
 1 57 57 p_town_troll_cave Troll_Cave 4220075 0 0 16 0 0 0 0 0 49.6 -120 49.6 -120 49.6 -120 0 0 
2.96705967778
 1 58 58 p_town_dale Dale 4220038 0 0 11 0 0 0 0 0 -61.1 -223.9 -61.1 -223.9 -61.1 -223.9 0 0 
2.96705967778
 1 59 59 p_town_esgaroth Esgaroth 4220149 0 0 11 0 0 0 0 0 -61.89 -216.83 -61.89 -216.83 -61.89 -216.83 0 0 
2.61799383333
 1 60 60 p_town_dunland_camp Dunlander_Camp 4220074 0 0 19 0 0 0 0 0 49.9 -48.5 49.9 -48.5 49.9 -48.5 0 0 
6.10865227778
 1 61 61 p_town_harad_camp Haradrim_Camp 4220064 0 0 12 0 0 0 0 0 -55.9 67.7 -55.9 67.7 -55.9 67.7 0 0 
2.96705967778
 1 62 62 p_town_khand_camp Khand_Camp 4220073 0 0 14 0 0 0 0 0 -74.2 -44.9 -74.2 -44.9 -74.2 -44.9 0 0 
2.96705967778
 1 63 63 p_town_umbar_camp Corsair_Camp 4220054 0 0 15 0 0 0 0 0 -4.03 70.33 -4.03 70.33 -4.03 70.33 0 0 
2.25147469667
 1 64 64 p_town_imladris_camp Rivendell_Camp 4220040 0 0 9 0 0 0 0 0 21.5 -145.1 21.5 -145.1 21.5 -145.1 0 0 
2.96705967778
 1 65 65 p_town_dol_guldur Dol_Guldur 4220056 0 0 17 0 0 0 0 0 -41.3 -131.1 -41.3 -131.1 -41.3 -131.1 0 0 
2.96705967778
 1 66 66 p_town_dol_guldur_north_outpost Dol_Guldur_North_Outpost 4220075 0 0 17 0 0 0 0 0 -46.6 -188 -46.6 -188 -46.6 -188 0 0 
2.96705967778
 1 67 67 p_town_rhun_main_camp Main_Rhun_Camp 4220073 0 0 13 0 0 0 0 0 -71.2 -223.1 -71.2 -223.1 -71.2 -223.1 0 0 
2.96705967778
 1 68 68 p_town_rhun_south_camp Rhun_Southern_Outpost 4220073 0 0 13 0 0 0 0 0 -73.02 -189.9 -73.02 -189.9 -73.02 -189.9 0 0 
2.96705967778
 1 69 69 p_town_rhun_north_camp Rhun_Northern_Outpost 4220073 0 0 13 0 0 0 0 0 -68.63 -236.87 -68.63 -236.87 -68.63 -236.87 0 0 
2.96705967778
 1 70 70 p_town_gundabad Gundabad 4220071 0 0 18 0 0 0 0 0 35.7 -241.5 35.7 -241.5 35.7 -241.5 0 0 
2.87979321667
 1 71 71 p_town_gundabad_ne_outpost Gundabad_NE_Outpost 4220075 0 0 18 0 0 0 0 0 -25.1 -246.1 -25.1 -246.1 -25.1 -246.1 0 0 
2.09439506667
 1 72 72 p_town_gundabad_nw_outpost Gundabad_NW_Outpost 4220075 0 0 18 0 0 0 0 0 -4.2 -243.6 -4.2 -243.6 -4.2 -243.6 0 0 
4.7123889
 1 73 73 p_town_goblin_north_outpost Goblin_Northern_Outpost 4220075 0 0 18 0 0 0 0 0 22.1 -211.2 22.1 -211.2 22.1 -211.2 0 0 
0.174532922222
 1 74 74 p_town_goblin_south_outpost Goblin_Southern_Outpost 4220075 0 0 18 0 0 0 0 0 18.9 -194.8 18.9 -194.8 18.9 -194.8 0 0 
2.44346091111
 1 75 75 p_town_gundabad_m_outpost Gundabad_Mirkwood_Outpost 4220075 0 0 18 0 0 0 0 0 -13.9 -224 -13.9 -224 -13.9 -224 0 0 
2.96705967778
 1 76 76 p_town_erebor Erebor 4220071 0 0 4 0 0 0 0 0 -59.6 -226.4 -59.6 -226.4 -59.6 -226.4 0 0 
2.26892798889
 1 77 77 p_town_ironhill_camp Iron_Hills_Quarry 4220040 0 0 4 0 0 0 0 0 -49.6 -239.9 -49.6 -239.9 -49.6 -239.9 0 0 
2.96705967778
 1 78 78 p_advcamp_gondor Gondor_Advance_Camp 4220296 0 0 3 0 0 0 0 0 0 0 0 0 0 0 0 0 
2.96705967778
 1 79 79 p_advcamp_rohan Rohan_Advance_Camp 4220296 0 0 5 0 0 0 0 0 0 0 0 0 0 0 0 0 
2.96705967778
 1 80 80 p_advcamp_isengard Isengard_Advance_Camp 4220331 0 0 7 0 0 0 0 0 0 0 0 0 0 0 0 0 
2.96705967778
 1 81 81 p_advcamp_mordor Mordor_Advance_Camp 4220331 0 0 6 0 0 0 0 0 0 0 0 0 0 0 0 0 
2.96705967778
 1 82 82 p_advcamp_harad Harad_Advance_Camp 4220320 0 0 12 0 0 0 0 0 0 0 0 0 0 0 0 0 
2.96705967778
 1 83 83 p_advcamp_rhun Rhun_Advance_Camp 4220329 0 0 13 0 0 0 0 0 0 0 0 0 0 0 0 0 
2.96705967778
 1 84 84 p_advcamp_khand Khand_Advance_Camp 4220329 0 0 14 0 0 0 0 0 0 0 0 0 0 0 0 0 
2.96705967778
 1 85 85 p_advcamp_umbar Umbar_Advance_Camp 4220296 0 0 15 0 0 0 0 0 0 0 0 0 0 0 0 0 
3.05432613889
 1 86 86 p_advcamp_lorien Lorien_Advance_Camp 4220296 0 0 8 0 0 0 0 0 0 0 0 0 0 0 0 0 
2.96705967778
 1 87 87 p_advcamp_imladris Imladris_Advance_Camp 4220296 0 0 9 0 0 0 0 0 0 0 0 0 0 0 0 0 
2.96705967778
 1 88 88 p_advcamp_woodelf Mirkwood_Advance_Camp 4220296 0 0 10 0 0 0 0 0 0 0 0 0 0 0 0 0 
2.96705967778
 1 89 89 p_advcamp_moria Moria_Advance_Camp 4220331 0 0 16 0 0 0 0 0 0 0 0 0 0 0 0 0 
2.96705967778
 1 90 90 p_advcamp_guldur Dol_Guldur_Advance_Camp 4220331 0 0 17 0 0 0 0 0 0 0 0 0 0 0 0 0 
2.96705967778
 1 91 91 p_advcamp_gundabad Gundabad_Advance_Camp 4220331 0 0 18 0 0 0 0 0 0 0 0 0 0 0 0 0 
2.96705967778
 1 92 92 p_advcamp_dale Dale_Advance_Camp 4220296 0 0 11 0 0 0 0 0 0 0 0 0 0 0 0 0 
2.96705967778
 1 93 93 p_advcamp_dwarf Erebor_Advance_Camp 4220296 0 0 4 0 0 0 0 0 0 0 0 0 0 0 0 0 
2.96705967778
 1 94 94 p_advcamp_dunland Dunland_Advance_Camp 4220329 0 0 19 0 0 0 0 0 0 0 0 0 0 0 0 0 
2.96705967778
 1 95 95 p_advcamp_beorn Beorning_Advance_Camp 4220296 0 0 20 0 0 0 0 0 0 0 0 0 0 0 0 0 
2.96705967778
 1 96 96 p_centers_end _ 256 0 0 1 0 0 0 0 0 0 0 0 0 0 0 0 0 
0
 1 97 97 p_argonath Argonath 541838 0 0 26 0 0 0 0 0 -34.883472 -51.047958 -34.883472 -51.047958 -34.883472 -51.047958 0 0 
3.1415926
 1 98 98 p_argonath2 Argonath 541838 0 0 26 0 0 0 0 0 -36.795536 -51.047958 -36.795536 -51.047958 -36.795536 -51.047958 0 0 
3.1415926
 1 99 99 p_hand_isen Handsign_of_Isengard 541855 0 0 26 0 0 0 0 0 51.8862 -52.610794 51.8862 -52.610794 51.8862 -52.610794 0 0 
3.22885906111
 1 100 100 p_mount_doom Mount_Doom 541841 0 0 26 0 0 0 0 0 -109.411041 1.56723 -109.411041 1.56723 -109.411041 1.56723 0 0 
2.96705967778
 1 101 101 p_town_barad_dur Barad_Dur 17551 0 0 6 0 0 0 0 0 -100.048325 -3.573029 -100.048325 -3.573029 -100.048325 -3.573029 0 0 
2.96705967778
 1 102 102 p_ford_cair_andros1 Anduin 541876 0 0 26 0 0 0 0 0 -56.69 1.67 -56.69 1.67 -56.69 1.67 0 0 
1.5707963
 1 103 103 p_ford_cair_andros2 Anduin 541876 0 0 26 0 0 0 0 0 -55.36 5.32 -55.36 5.32 -55.36 5.32 0 0 
2.96705967778
 1 104 104 p_ford_caras_galadhon Anduin 541876 0 0 26 0 0 0 0 0 -11.26 -129.55 -11.26 -129.55 -11.26 -129.55 0 0 
3.83972428889
 1 105 105 p_ford_brown_lands Anduin 541876 0 0 26 0 0 0 0 0 -18.7 -109.76 -18.7 -109.76 -18.7 -109.76 0 0 
0.523598766667
 1 106 106 p_ford_rauros Anduin 541876 0 0 26 0 0 0 0 0 -35.27 -32.95 -35.27 -32.95 -35.27 -32.95 0 0 
2.53072737222
 1 107 107 p_ford_pelargir Anduin 541876 0 0 26 0 0 0 0 0 -41.91 64.37 -41.91 64.37 -41.91 64.37 0 0 
2.53072737222
 1 108 108 p_ford_edhellond Anduin 541876 0 0 26 0 0 0 0 0 36.59 48.24 36.59 48.24 36.59 48.24 0 0 
2.53072737222
 1 109 109 p_ford_cerin_dolen Silverlode 541876 0 0 26 0 0 0 0 0 21.46 -130.72 21.46 -130.72 21.46 -130.72 0 0 
3.83972428889
 1 110 110 p_old_ford _Old_Ford_ 2114740 0 0 26 0 0 0 0 0 0.46 -189.36 0.46 -189.36 0.46 -189.36 0 0 
2.53072737222
 1 111 111 p_ford_erech Ringlo 541876 0 0 26 0 0 0 0 0 0.74 31.75 0.74 31.75 0.74 31.75 0 0 
2.53072737222
 1 112 112 p_ford_isen1 Isen 541876 0 0 26 0 0 0 0 0 49.35 -43.6 49.35 -43.6 49.35 -43.6 0 0 
2.53072737222
 1 113 113 p_ford_isen2 Isen 541876 0 0 26 0 0 0 0 0 47.73 -47.21 47.73 -47.21 47.73 -47.21 0 0 
2.53072737222
 1 114 114 p_ford_rohan Entwash 541876 0 0 26 0 0 0 0 0 7.7 -53.44 7.7 -53.44 7.7 -53.44 0 0 
2.53072737222
 1 115 115 p_ford_rohan2 Entwash 541876 0 0 26 0 0 0 0 0 -6.66 -12.31 -6.66 -12.31 -6.66 -12.31 0 0 
2.53072737222
 1 116 116 p_ford_fangorn Entwash 541876 0 0 26 0 0 0 0 0 27.89 -66.35 27.89 -66.35 27.89 -66.35 0 0 
2.53072737222
 1 117 117 p_ford_fangorn2 Limlight 541876 0 0 26 0 0 0 0 0 19.6 -96 19.6 -96 19.6 -96 0 0 
2.53072737222
 1 118 118 p_ford_moria Silverlode 541876 0 0 26 0 0 0 0 0 37.5 -142.13 37.5 -142.13 37.5 -142.13 0 0 
2.53072737222
 1 119 119 p_test_scene test_scene 2114951 0 0 26 0 0 0 0 0 4.077255 -12.735809 4.077255 -12.735809 4.077255 -12.735809 0 0 
0
 1 120 120 p_battlefields battlefields 2114951 0 0 26 0 0 0 0 0 4.25528 -10.009171 4.25528 -10.009171 4.25528 -10.009171 0 0 
0
 1 121 121 p_legend_amonhen Amon_Hen 2114957 0 6 26 0 0 0 0 0 -31.8 -47.71 -31.8 -47.71 -31.8 -47.71 0 0 
3.1415926
 1 122 122 p_legend_deadmarshes Dead_Marshes 2114991 0 6 26 0 0 0 0 0 -58.1 -36.43 -58.1 -36.43 -58.1 -36.43 0 0 
3.1415926
 1 123 123 p_legend_mirkwood Mirkwood_Forest 2114992 0 6 26 0 0 0 0 0 -40.04 -144.54 -40.04 -144.54 -40.04 -144.54 0 0 
3.1415926
 1 124 124 p_legend_fangorn Fangorn_Entmoot 2114992 0 6 26 0 0 0 0 0 35.24 -84.19 35.24 -84.19 35.24 -84.19 0 0 
3.1415926
 1 125 125 p_theater_se_center SE_Theater_center 2098567 0 0 26 0 0 0 0 0 -53 21 -53 21 -53 21 0 0 
0
 1 126 126 p_theater_sw_center SW_Theater_center 2098567 0 0 26 0 0 0 0 0 -2 -43 -2 -43 -2 -43 0 0 
0
 1 127 127 p_theater_c_center C_Theater_center 2098567 0 0 26 0 0 0 0 0 5.7 -134.3 5.7 -134.3 5.7 -134.3 0 0 
0
 1 128 128 p_theater_n_center N_Theater_center 2098567 0 0 26 0 0 0 0 0 -19 -181 -19 -181 -19 -181 0 0 
0
 1 129 129 p_fangorn_center Fangorn_Center 2098567 0 0 26 0 0 0 0 0 35.24 -84.19 35.24 -84.19 35.24 -84.19 0 0 
0
 1 130 130 p_looter_spawn_point looter_sp 1280 0 0 2 0 0 0 0 0 29.273674 79.890099 29.273674 79.890099 29.273674 79.890099 0 1 436 15 0 0 
0
 1 131 131 p_steppe_bandit_spawn_point steppe_bandit_sp 1280 0 0 2 0 0 0 0 0 27.303375 -60.205627 27.303375 -60.205627 27.303375 -60.205627 0 1 436 15 0 0 
0
 1 132 132 p_steppe_bandit_spawn_point_2 steppe_bandit_sp_2 1280 0 0 2 0 0 0 0 0 28.19 -30.9 28.19 -30.9 28.19 -30.9 0 1 436 15 0 0 
0
 1 133 133 p_forest_bandit_spawn_point forest_bandit_sp 1280 0 0 2 0 0 0 0 0 -37.252506 6.916382 -37.252506 6.916382 -37.252506 6.916382 0 1 436 15 0 0 
0
 1 134 134 p_forest_bandit_spawn_point_2 forest_bandit_sp_2 1280 0 0 2 0 0 0 0 0 -65.33 43.3 -65.33 43.3 -65.33 43.3 0 1 436 15 0 0 
0
 1 135 135 p_forest_bandit_spawn_point_3 forest_bandit_sp_3 1280 0 0 2 0 0 0 0 0 -52.1 -28.62 -52.1 -28.62 -52.1 -28.62 0 1 436 15 0 0 
0
 1 136 136 p_forest_bandit_spawn_point_4 forest_bandit_sp_4 1280 0 0 2 0 0 0 0 0 -25.94 -117.04 -25.94 -117.04 -25.94 -117.04 0 1 436 15 0 0 
0
 1 137 137 p_forest_bandit_spawn_point_5 forest_bandit_sp_5 1280 0 0 2 0 0 0 0 0 -59.65 -173.31 -59.65 -173.31 -59.65 -173.31 0 1 436 15 0 0 
0
 1 138 138 p_mountain_bandit_spawn_point mountain_bandit_sp 1280 0 0 2 0 0 0 0 0 39.789207 26.06604 39.789207 26.06604 39.789207 26.06604 0 1 436 15 0 0 
0
 1 139 139 p_mountain_bandit_spawn_point_2 mountain_bandit_sp_2 1280 0 0 2 0 0 0 0 0 -21.54 34.5 -21.54 34.5 -21.54 34.5 0 1 436 15 0 0 
0
 1 140 140 p_mountain_bandit_spawn_point_3 mountain_bandit_sp_3 1280 0 0 2 0 0 0 0 0 40.43 -130.92 40.43 -130.92 40.43 -130.92 0 1 436 15 0 0 
0
 1 141 141 p_mountain_bandit_spawn_point_4 mountain_bandit_sp_4 1280 0 0 2 0 0 0 0 0 17.53 -175.76 17.53 -175.76 17.53 -175.76 0 1 436 15 0 0 
0
 1 142 142 p_mountain_bandit_spawn_point_5 mountain_bandit_sp_5 1280 0 0 2 0 0 0 0 0 -15.06 -237.27 -15.06 -237.27 -15.06 -237.27 0 1 436 15 0 0 
0
 1 143 143 p_sea_raider_spawn_point_1 sea_raider_sp 1280 0 0 2 0 0 0 0 0 -3 66.7 -3 66.7 -3 66.7 0 1 436 15 0 0 
0
 1 144 144 p_sea_raider_spawn_point_2 sea_raider_sp 1280 0 0 2 0 0 0 0 0 48.6 48.6 48.6 48.6 48.6 48.6 0 1 436 15 0 0 
0
 1 145 145 p_gondor_test gondor_test_sp 1280 0 0 2 0 0 0 0 0 -7.509827 -5.265762 -7.509827 -5.265762 -7.509827 -5.265762 0 1 436 15 0 0 
0
 1 146 146 p_mordor_test mordor_test_sp 1280 0 0 2 0 0 0 0 0 -7.312775 -4.99147 -7.312775 -4.99147 -7.312775 -4.99147 0 1 436 15 0 0 
0
 1 147 147 p_gondor_allies_test gondor_allies_test_sp 1280 0 0 2 0 0 0 0 0 -7.500393 -5.082901 -7.500393 -5.082901 -7.500393 -5.082901 0 1 436 15 0 0 
0
 1 148 148 p_isengard_test isengard_test_sp 1280 0 0 2 0 0 0 0 0 -7.317505 -5.082901 -7.317505 -5.082901 -7.317505 -5.082901 0 1 436 15 0 0 
0
 1 149 149 p_isen_rohan isen_rohan_sp 1280 0 0 2 0 0 0 0 0 34.842987 -27.865891 34.842987 -27.865891 34.842987 -27.865891 0 1 436 15 0 0 
0
 1 150 150 p_mordor_gondor mordor_gondor_sp 1280 0 0 2 0 0 0 0 0 30.825653 -23.388062 30.825653 -23.388062 30.825653 -23.388062 0 1 436 15 0 0 
0
 1 151 151 p_harad_gondor harad_gondor_sp 1280 0 0 2 0 0 0 0 0 37.227943 -30.542084 37.227943 -30.542084 37.227943 -30.542084 0 1 436 15 0 0 
0
 1 152 152 p_corsair_gondor corsair_gondor_sp 1280 0 0 2 0 0 0 0 0 -7.312775 -4.99147 -7.312775 -4.99147 -7.312775 -4.99147 0 1 436 15 0 0 
0
 1 153 153 p_rhun_gondor rhun_gondor_sp 1280 0 0 2 0 0 0 0 0 -7.312775 -4.99147 -7.312775 -4.99147 -7.312775 -4.99147 0 1 436 15 0 0 
0
 1 154 154 p_khand_gondor khand_gondor_sp 1280 0 0 2 0 0 0 0 0 -7.312775 -4.99147 -7.312775 -4.99147 -7.312775 -4.99147 0 1 436 15 0 0 
0
 1 155 155 p_lorien_moria lorien_moria_sp 1280 0 0 2 0 0 0 0 0 -7.312775 -4.99147 -7.312775 -4.99147 -7.312775 -4.99147 0 1 436 15 0 0 
0
 1 156 156 p_gunda_woodelves gunda_woodelves_sp 1280 0 0 2 0 0 0 0 0 -7.312775 -4.99147 -7.312775 -4.99147 -7.312775 -4.99147 0 1 436 15 0 0 
0
 1 157 157 p_gunda_dwarves gunda_dwarves_sp 1280 0 0 2 0 0 0 0 0 -7.312775 -4.99147 -7.312775 -4.99147 -7.312775 -4.99147 0 1 436 15 0 0 
0
 1 158 158 p_ring_hunter_lair Ring_Hunters_Lair 2114986 0 0 26 0 0 0 0 0 -30.04 -129.54 -30.04 -129.54 -30.04 -129.54 0 0 
2.96705967778
 1 159 159 p_raft Raft_Men 2114953 0 0 26 0 0 0 0 0 -82.05 -197.48 -82.05 -197.48 -82.05 -197.48 0 0 
2.96705967778
 1 160 160 p_amon_din Amon_Din 542203 0 0 26 0 0 0 0 0 -46.15 19.18 -46.15 19.18 -46.15 19.18 0 0 
2.96705967778
 1 161 161 p_eilenach Eilenach 542203 0 0 26 0 0 0 0 0 -36.61 14.34 -36.61 14.34 -36.61 14.34 0 0 
2.96705967778
 1 162 162 p_nardol Nardol 542203 0 0 26 0 0 0 0 0 -33.03 12.83 -33.03 12.83 -33.03 12.83 0 0 
2.96705967778
 1 163 163 p_erelas Erelas 542203 0 0 26 0 0 0 0 0 -27.33 11.06 -27.33 11.06 -27.33 11.06 0 0 
2.96705967778
 1 164 164 p_min_rimmon Min_Rimmon 542203 0 0 26 0 0 0 0 0 -24.05 11.32 -24.05 11.32 -24.05 11.32 0 0 
2.96705967778
 1 165 165 p_calenhad Calenhad 542203 0 0 26 0 0 0 0 0 -18.36 10.32 -18.36 10.32 -18.36 10.32 0 0 
2.96705967778
 1 166 166 p_amon_anwar Amon_Anwar 542203 0 0 26 0 0 0 0 0 -13.57 6.69 -13.57 6.69 -13.57 6.69 0 0 
2.96705967778
 1 167 167 p_spawn_points_end last_spawn_point 1280 0 0 1 0 0 0 0 0 -7.746731 1.880096 -7.746731 1.880096 -7.746731 1.880096 0 1 436 15 0 0 
0
 1 168 168 p_pointer_player _ 2621696 0 0 26 0 0 0 0 0 0.31422 -10.163879 0.31422 -10.163879 0.31422 -10.163879 0 0 
0
 1 169 169 p_pointer_z_0_begin _ 525568 0 0 26 0 0 0 0 0 -214.3 122.4 -214.3 122.4 -214.3 122.4 0 0 
0
 1 170 170 p_pointer_z_0_mountain _ 525568 0 0 26 0 0 0 0 0 -214.3 122.4 -214.3 122.4 -214.3 122.4 0 0 
0
 1 171 171 p_pointer_z_0_steppe _ 525568 0 0 26 0 0 0 0 0 -214.3 122.4 -214.3 122.4 -214.3 122.4 0 0 
0
 1 172 172 p_pointer_z_0_plain _ 525568 0 0 26 0 0 0 0 0 -214.3 103.3 -214.3 103.3 -214.3 103.3 0 0 
0
 1 173 173 p_pointer_z_0_snow _ 525568 0 0 26 0 0 0 0 0 -214.3 89.5 -214.3 89.5 -214.3 89.5 0 0 
0
 1 174 174 p_pointer_z_0_desert _ 525568 0 0 26 0 0 0 0 0 -214.3 74.1 -214.3 74.1 -214.3 74.1 0 0 
0
 1 175 175 p_pointer_z_0_steppe_forest _ 525568 0 0 26 0 0 0 0 0 -219.5 112.4 -219.5 112.4 -219.5 112.4 0 0 
0
 1 176 176 p_pointer_z_0_plain_forest _ 525568 0 0 26 0 0 0 0 0 -219.5 96.4 -219.5 96.4 -219.5 96.4 0 0 
0
 1 177 177 p_pointer_z_0_snow_forest _ 525568 0 0 26 0 0 0 0 0 -219.5 81.1 -219.5 81.1 -219.5 81.1 0 0 
0
 1 178 178 p_pointer_z_0_desert_forest _ 525568 0 0 26 0 0 0 0 0 -219.5 64.9 -219.5 64.9 -219.5 64.9 0 0 
0
 1 179 179 p_camplace_n1 _ 525568 0 0 26 0 0 0 0 0 -19.8 -170 -19.8 -170 -19.8 -170 0 0 
0
 1 180 180 p_camplace_n2 _ 525568 0 0 26 0 0 0 0 0 -24 -176 -24 -176 -24 -176 0 0 
0
 1 181 181 p_camplace_n3 _ 525568 0 0 26 0 0 0 0 0 -18 -165 -18 -165 -18 -165 0 0 
0
 1 182 182 p_camplace_n4 _ 525568 0 0 26 0 0 0 0 0 -7.7 -166 -7.7 -166 -7.7 -166 0 0 
0
 1 183 183 p_camplace_n5 _ 525568 0 0 26 0 0 0 0 0 -8 -171 -8 -171 -8 -171 0 0 
0
 1 184 184 p_camplace_m1 _ 525568 0 0 26 0 0 0 0 0 5.2 -76.1 5.2 -76.1 5.2 -76.1 0 0 
0
 1 185 185 p_camplace_m2 _ 525568 0 0 26 0 0 0 0 0 6.1 -95 6.1 -95 6.1 -95 0 0 
0
 1 186 186 p_camplace_m3 _ 525568 0 0 26 0 0 0 0 0 -1.7 -72 -1.7 -72 -1.7 -72 0 0 
0
 1 187 187 p_camplace_m4 _ 525568 0 0 26 0 0 0 0 0 -6.1 -60 -6.1 -60 -6.1 -60 0 0 
0
 1 188 188 p_camplace_m5 _ 525568 0 0 26 0 0 0 0 0 13.6 -93 13.6 -93 13.6 -93 0 0 
0
 1 189 189 p_camplace_s1 _ 525568 0 0 26 0 0 0 0 0 -44.6 6.5 -44.6 6.5 -44.6 6.5 0 0 
0
 1 190 190 p_camplace_s2 _ 525568 0 0 26 0 0 0 0 0 -36.56 0.75 -36.56 0.75 -36.56 0.75 0 0 
0
 1 191 191 p_camplace_s3 _ 525568 0 0 26 0 0 0 0 0 -44.41 0.88 -44.41 0.88 -44.41 0.88 0 0 
0
 1 192 192 p_camplace_s4 _ 525568 0 0 26 0 0 0 0 0 -42.7 9.2 -42.7 9.2 -42.7 9.2 0 0 
0
 1 193 193 p_camplace_s5 _ 525568 0 0 26 0 0 0 0 0 -29.84 3.32 -29.84 3.32 -29.84 3.32 0 0 
0
 1 194 194 p_ancient_ruins Ancient_Ruins 2114957 0 0 17 0 0 0 0 0 -35 -125 -35 -125 -35 -125 0 0 
2.96705967778
 1 195 195 p_shrubbery1 _ 541946 0 0 26 0 0 0 0 0 -40 -175 -40 -175 -40 -175 0 0 
3.22885906111
 1 196 196 p_shrubbery2 _ 541946 0 0 26 0 0 0 0 0 -51.5 -132.5 -51.5 -132.5 -51.5 -132.5 0 0 
3.22885906111
 1 197 197 p_shrubbery3 _ 541946 0 0 26 0 0 0 0 0 -55.6 -128.1 -55.6 -128.1 -55.6 -128.1 0 0 
3.22885906111
 1 198 198 p_shrubbery4 _ 541946 0 0 26 0 0 0 0 0 -47.54 -136.2 -47.54 -136.2 -47.54 -136.2 0 0 
3.22885906111
 1 199 199 p_shrubbery5 _ 541946 0 0 26 0 0 0 0 0 -45.75 -141.8 -45.75 -141.8 -45.75 -141.8 0 0 
3.22885906111
 1 200 200 p_shrubbery6 _ 541946 0 0 26 0 0 0 0 0 -48.4 -149.05 -48.4 -149.05 -48.4 -149.05 0 0 
2.35619445
 1 201 201 p_shrubbery7 _ 541946 0 0 26 0 0 0 0 0 -52.14 -154.45 -52.14 -154.45 -52.14 -154.45 0 0 
3.40339198333
 1 202 202 p_shrubbery8 _ 541946 0 0 26 0 0 0 0 0 -55.52 -159.83 -55.52 -159.83 -55.52 -159.83 0 0 
3.40339198333
 1 203 203 p_routed_troops _ 525568 0 0 26 0 0 0 0 0 0 0 0 0 0 0 0 0 
0
 1 204 204 p_routed_allies _ 525568 0 0 26 0 0 0 0 0 0 0 0 0 0 0 0 0 
0
 1 205 205 p_routed_enemies _ 525568 0 0 26 0 0 0 0 0 0 0 0 0 0 0 0 0 
0
 1 206 206 p_save4 _ 525568 0 0 26 0 0 0 0 0 0 0 0 0 0 0 0 0 
0
 1 207 207 p_save5 _ 525568 0 0 26 0 0 0 0 0 0 0 0 0 0 0 0 0 
0
 1 208 208 p_save6 _ 525568 0 0 26 0 0 0 0 0 0 0 0 0 0 0 0 0 
0
 1 209 209 p_save7 _ 525568 0 0 26 0 0 0 0 0 0 0 0 0 0 0 0 0 
0
 1 210 210 p_save8 _ 525568 0 0 26 0 0 0 0 0 0 0 0 0 0 0 0 0 
0
 1 211 211 p_save9 _ 525568 0 0 26 0 0 0 0 0 0 0 0 0 0 0 0 0 
0
 1 212 212 p_save10 _ 525568 0 0 26 0 0 0 0 0 0 0 0 0 0 0 0 0 
0
 1 213 213 p_scribble_0 _ 541749 0 0 26 0 0 0 0 0 41.325874 -34.016457 41.325874 -34.016457 41.325874 -34.016457 0 0 
-1.64574337225
 1 214 214 p_scribble_1 _ 541750 0 0 26 0 0 0 0 0 28.068068 -33.582661 28.068068 -33.582661 28.068068 -33.582661 0 0 
-1.5501434877
 1 215 215 p_scribble_2 _ 541764 0 0 26 0 0 0 0 0 14.879935 -34.840981 14.879935 -34.840981 14.879935 -34.840981 0 0 
-1.39292084542
 1 216 216 p_scribble_3 _ 541753 0 0 26 0 0 0 0 0 2.124036 -38.342628 2.124036 -38.342628 2.124036 -38.342628 0 0 
-1.21415628524
 1 217 217 p_scribble_4 _ 541762 0 0 26 0 0 0 0 0 -9.896816 -43.936752 -9.896816 -43.936752 -9.896816 -43.936752 0 0 
-1.0634185184
 1 218 218 p_scribble_5 _ 541717 0 0 26 0 0 0 0 0 -92.845932 19.883064 -92.845932 19.883064 -92.845932 19.883064 0 0 
0.0303684841206
 1 219 219 p_scribble_6 _ 541750 0 0 26 0 0 0 0 0 -92.904297 12.60496 -92.904297 12.60496 -92.904297 12.60496 0 0 
-0.0364812204687
 1 220 220 p_scribble_7 _ 541749 0 0 26 0 0 0 0 0 -93.312057 5.305895 -93.312057 5.305895 -93.312057 5.305895 0 0 
-0.0730529537109
 1 221 221 p_scribble_8 _ 541758 0 0 26 0 0 0 0 0 -93.95752 -1.972876 -93.95752 -1.972876 -93.95752 -1.972876 0 0 
-0.103796072749
 1 222 222 p_scribble_9 _ 541750 0 0 26 0 0 0 0 0 -94.837334 -9.221035 -94.837334 -9.221035 -94.837334 -9.221035 0 0 
-0.139763904627
 1 223 223 p_scribble_10 _ 541749 0 0 26 0 0 0 0 0 -96.055183 -16.411459 -96.055183 -16.411459 -96.055183 -16.411459 0 0 
-0.205800006546
 1 224 224 p_scribble_11 _ 541696 0 0 26 0 0 0 0 0 -5.549779 52.771759 -5.549779 52.771759 -5.549779 52.771759 0 0 
-1.86900749206
 1 225 225 p_scribble_12 _ 541750 0 0 26 0 0 0 0 0 -13.124445 54.180706 -13.124445 54.180706 -13.124445 54.180706 0 0 
-1.64683860124
 1 226 226 p_scribble_13 _ 541762 0 0 26 0 0 0 0 0 -20.836054 54.036041 -20.836054 54.036041 -20.836054 54.036041 0 0 
-1.46343202383
 1 227 227 p_scribble_14 _ 541758 0 0 26 0 0 0 0 0 -28.433065 52.612671 -28.433065 52.612671 -28.433065 52.612671 0 0 
-1.31236568132
 1 228 228 p_scribble_15 _ 541750 0 0 26 0 0 0 0 0 -35.746456 50.157352 -35.746456 50.157352 -35.746456 50.157352 0 0 
-1.18444126983
 1 229 229 p_scribble_16 _ 541749 0 0 26 0 0 0 0 0 -42.723228 46.837154 -42.723228 46.837154 -42.723228 46.837154 0 0 
-1.07054447073
 1 230 230 p_scribble_17 _ 541719 0 0 26 0 0 0 0 0 12.307673 -211.385605 12.307673 -211.385605 12.307673 -211.385605 0 0 
0.646795395451
 1 231 231 p_scribble_18 _ 541746 0 0 26 0 0 0 0 0 13.945858 -213.973145 13.945858 -213.973145 13.945858 -213.973145 0 0 
0.504067345846
 1 232 232 p_scribble_19 _ 541744 0 0 26 0 0 0 0 0 15.337408 -216.759918 15.337408 -216.759918 15.337408 -216.759918 0 0 
0.426722557765
 1 233 233 p_scribble_20 _ 541745 0 0 26 0 0 0 0 0 16.529352 -219.620514 16.529352 -219.620514 16.529352 -219.620514 0 0 
0.363369847165
 1 234 234 p_scribble_21 _ 541723 0 0 26 0 0 0 0 0 17.535593 -222.555557 17.535593 -222.555557 17.535593 -222.555557 0 0 
0.294991897402
 1 235 235 p_scribble_22 _ 541746 0 0 26 0 0 0 0 0 18.307419 -225.56279 18.307419 -225.56279 18.307419 -225.56279 0 0 
0.200233383712
 1 236 236 p_scribble_23 _ 541747 0 0 26 0 0 0 0 0 17.23385 -69.959465 17.23385 -69.959465 17.23385 -69.959465 0 0 
-0.213528830488
 1 237 237 p_scribble_24 _ 541766 0 0 26 0 0 0 0 0 16.574423 -73.619591 16.574423 -73.619591 16.574423 -73.619591 0 0 
-0.138802839091
 1 238 238 p_scribble_25 _ 541761 0 0 26 0 0 0 0 0 16.23715 -77.342072 16.23715 -77.342072 16.23715 -77.342072 0 0 
-0.0377367230447
 1 239 239 p_scribble_26 _ 541756 0 0 26 0 0 0 0 0 16.314682 -81.073753 16.314682 -81.073753 16.314682 -81.073753 0 0 
0.0803349384649
 1 240 240 p_scribble_27 _ 541757 0 0 26 0 0 0 0 0 16.822895 -84.768661 16.822895 -84.768661 16.822895 -84.768661 0 0 
0.188888115449
 1 241 241 p_scribble_28 _ 541765 0 0 26 0 0 0 0 0 17.675255 -88.415443 17.675255 -88.415443 17.675255 -88.415443 0 0 
0.263691232944
 1 242 242 p_scribble_29 _ 541761 0 0 26 0 0 0 0 0 18.722181 -91.987587 18.722181 -91.987587 18.722181 -91.987587 0 0 
0.301076341963
 1 243 243 p_scribble_30 _ 541715 0 0 26 0 0 0 0 0 23.940615 -125.053726 23.940615 -125.053726 23.940615 -125.053726 0 0 
-2.09151232384
 1 244 244 p_scribble_31 _ 541757 0 0 26 0 0 0 0 0 18.384102 -122.295441 18.384102 -122.295441 18.384102 -122.295441 0 0 
-1.97023304393
 1 245 245 p_scribble_32 _ 541765 0 0 26 0 0 0 0 0 12.534661 -120.251709 12.534661 -120.251709 12.534661 -120.251709 0 0 
-1.84300690376
 1 246 246 p_scribble_33 _ 541735 0 0 26 0 0 0 0 0 6.459186 -118.970551 6.459186 -118.970551 6.459186 -118.970551 0 0 
-1.71453508721
 1 247 247 p_scribble_34 _ 541763 0 0 26 0 0 0 0 0 0.276662 -118.467804 0.276662 -118.467804 0.276662 -118.467804 0 0 
-1.59042392337
 1 248 248 p_scribble_35 _ 541761 0 0 26 0 0 0 0 0 -5.922221 -118.71048 -5.922221 -118.71048 -5.922221 -118.71048 0 0 
-1.47451517855
 1 249 249 p_scribble_36 _ 541719 0 0 26 0 0 0 0 0 -13.406879 -2.589758 -13.406879 -2.589758 -13.406879 -2.589758 0 0 
-1.95780499087
 1 250 250 p_scribble_37 _ 541746 0 0 26 0 0 0 0 0 -17.872786 -0.821689 -17.872786 -0.821689 -17.872786 -0.821689 0 0 
-1.93507970484
 1 251 251 p_scribble_38 _ 541741 0 0 26 0 0 0 0 0 -22.375559 0.795332 -22.375559 0.795332 -22.375559 0.795332 0 0 
-1.89175447253
 1 252 252 p_scribble_39 _ 541727 0 0 26 0 0 0 0 0 -27.016068 2.162721 -27.016068 2.162721 -27.016068 2.162721 0 0 
-1.81732192334
 1 253 253 p_scribble_40 _ 541723 0 0 26 0 0 0 0 0 -31.723692 3.102364 -31.723692 3.102364 -31.723692 3.102364 0 0 
-1.71509142835
 1 254 254 p_scribble_41 _ 541739 0 0 26 0 0 0 0 0 -36.515877 3.538217 -36.515877 3.538217 -36.515877 3.538217 0 0 
-1.61044930726
 1 255 255 p_scribble_42 _ 541746 0 0 26 0 0 0 0 0 -41.317245 3.526802 -41.317245 3.526802 -41.317245 3.526802 0 0 
-1.53174317984
 1 256 256 p_scribble_43 _ 541699 0 0 26 0 0 0 0 0 9.965984 70.482849 9.965984 70.482849 9.965984 70.482849 0 0 
-1.61315427085
 1 257 257 p_scribble_44 _ 541703 0 0 26 0 0 0 0 0 7.522523 70.764542 7.522523 70.764542 7.522523 70.764542 0 0 
-1.76473009242
 1 258 258 p_scribble_45 _ 541697 0 0 26 0 0 0 0 0 5.166852 71.459915 5.166852 71.459915 5.166852 71.459915 0 0 
-1.95773269933
 1 259 259 p_scribble_46 _ 541698 0 0 26 0 0 0 0 0 1.171154 74.267235 1.171154 74.267235 1.171154 74.267235 0 0 
-2.40987072378
 1 260 260 p_scribble_47 _ 541701 0 0 26 0 0 0 0 0 -0.278393 76.255814 -0.278393 76.255814 -0.278393 76.255814 0 0 
-2.60686261225
 1 261 261 p_scribble_48 _ 541699 0 0 26 0 0 0 0 0 12.995848 74.802422 12.995848 74.802422 12.995848 74.802422 0 0 
-1.63663509245
 1 262 262 p_scribble_49 _ 541700 0 0 26 0 0 0 0 0 10.497855 75.098488 10.497855 75.098488 10.497855 75.098488 0 0 
-1.74471175965
 1 263 263 p_scribble_50 _ 541701 0 0 26 0 0 0 0 0 8.040986 75.69519 8.040986 75.69519 8.040986 75.69519 0 0 
-1.87753346022
 1 264 264 p_scribble_51 _ 541703 0 0 26 0 0 0 0 0 5.704859 76.635773 5.704859 76.635773 5.704859 76.635773 0 0 
-2.03302358399
 1 265 265 p_scribble_52 _ 541702 0 0 26 0 0 0 0 0 3.552632 77.945908 3.552632 77.945908 3.552632 77.945908 0 0 
-2.20359797736
 1 266 266 p_scribble_53 _ 541703 0 0 26 0 0 0 0 0 1.654106 79.607567 1.654106 79.607567 1.654106 79.607567 0 0 
-2.37458597885
 1 267 267 p_scribble_54 _ 541704 0 0 26 0 0 0 0 0 0.058218 81.551491 0.058218 81.551491 0.058218 81.551491 0 0 
-2.53047330465
 1 268 268 p_scribble_55 _ 541705 0 0 26 0 0 0 0 0 -52.338867 23.433994 -52.338867 23.433994 -52.338867 23.433994 0 0 
-0.31632025683
 1 269 269 p_scribble_56 _ 541707 0 0 26 0 0 0 0 0 -52.808651 21.969776 -52.808651 21.969776 -52.808651 21.969776 0 0 
-0.30027979116
 1 270 270 p_scribble_57 _ 541706 0 0 26 0 0 0 0 0 -53.233028 20.494303 -53.233028 20.494303 -53.233028 20.494303 0 0 
-0.254132570939
 1 271 271 p_scribble_58 _ 541707 0 0 26 0 0 0 0 0 -53.562801 18.987215 -53.562801 18.987215 -53.562801 18.987215 0 0 
-0.169980108773
 1 272 272 p_scribble_59 _ 541708 0 0 26 0 0 0 0 0 -53.733982 17.459238 -53.733982 17.459238 -53.733982 17.459238 0 0 
-0.0472391330885
 1 273 273 p_scribble_60 _ 541708 0 0 26 0 0 0 0 0 -53.693787 15.919739 -53.693787 15.919739 -53.693787 15.919739 0 0 
0.101936860795
 1 274 274 p_scribble_61 _ 541709 0 0 26 0 0 0 0 0 -53.422977 14.412889 -53.422977 14.412889 -53.422977 14.412889 0 0 
0.251894395651
 1 275 275 p_scribble_62 _ 541710 0 0 26 0 0 0 0 0 -52.941219 12.957041 -52.941219 12.957041 -52.941219 12.957041 0 0 
0.383069552629
 1 276 276 p_scribble_63 _ 541764 0 0 26 0 0 0 0 0 -28.976591 90.852028 -28.976591 90.852028 -28.976591 90.852028 0 0 
-1.77895189013
 1 277 277 p_scribble_64 _ 541753 0 0 26 0 0 0 0 0 -34.31918 91.626419 -34.31918 91.626419 -34.31918 91.626419 0 0 
-1.65428054542
 1 278 278 p_scribble_65 _ 541749 0 0 26 0 0 0 0 0 -39.712521 91.782791 -39.712521 91.782791 -39.712521 91.782791 0 0 
-1.54753264972
 1 279 279 p_scribble_66 _ 541750 0 0 26 0 0 0 0 0 -45.092239 91.393486 -45.092239 91.393486 -45.092239 91.393486 0 0 
-1.45062621171
 1 280 280 p_scribble_67 _ 541762 0 0 26 0 0 0 0 0 -50.415173 90.495377 -50.415173 90.495377 -50.415173 90.495377 0 0 
-1.35660105046
 1 281 281 p_scribble_68 _ 541758 0 0 26 0 0 0 0 0 -55.626038 89.094925 -55.626038 89.094925 -55.626038 89.094925 0 0 
-1.25855225957
 1 282 282 p_scribble_69 _ 541750 0 0 26 0 0 0 0 0 -60.650734 87.168335 -60.650734 87.168335 -60.650734 87.168335 0 0 
-1.1475986964
 1 283 283 p_scribble_70 _ 541749 0 0 26 0 0 0 0 0 -65.423424 84.623642 -65.423424 84.623642 -65.423424 84.623642 0 0 
-1.00779773843
 1 284 284 p_scribble_71 _ 541711 0 0 26 0 0 0 0 0 88.994583 -6.396643 88.994583 -6.396643 88.994583 -6.396643 0 0 
0.3590867918
 1 285 285 p_scribble_72 _ 541762 0 0 26 0 0 0 0 0 91.667313 -15.195138 91.667313 -15.195138 91.667313 -15.195138 0 0 
0.234537410695
 1 286 286 p_scribble_73 _ 541711 0 0 26 0 0 0 0 0 93.31398 -24.24279 93.31398 -24.24279 93.31398 -24.24279 0 0 
0.127709072769
 1 287 287 p_scribble_74 _ 541758 0 0 26 0 0 0 0 0 94.035583 -33.405796 94.035583 -33.405796 94.035583 -33.405796 0 0 
0.0305231028364
 1 288 288 p_scribble_75 _ 541752 0 0 26 0 0 0 0 0 93.885704 -42.588585 93.885704 -42.588585 93.885704 -42.588585 0 0 
-0.0630014630938
 1 289 289 p_scribble_76 _ 541753 0 0 26 0 0 0 0 0 92.875656 -51.719177 92.875656 -51.719177 92.875656 -51.719177 0 0 
-0.157987899327
 1 290 290 p_scribble_77 _ 541754 0 0 26 0 0 0 0 0 90.978699 -60.71069 90.978699 -60.71069 90.978699 -60.71069 0 0 
-0.259338696023
 1 291 291 p_scribble_78 _ 541755 0 0 26 0 0 0 0 0 88.134445 -69.4496 88.134445 -69.4496 88.134445 -69.4496 0 0 
-0.372420600912
 1 292 292 p_scribble_79 _ 541764 0 0 26 0 0 0 0 0 84.253616 -77.776077 84.253616 -77.776077 84.253616 -77.776077 0 0 
-0.503432220542
 1 293 293 p_scribble_80 _ 541712 0 0 26 0 0 0 0 0 -57.753277 -104.551147 -57.753277 -104.551147 -57.753277 -104.551147 0 0 
-1.24774753722
 1 294 294 p_scribble_81 _ 541734 0 0 26 0 0 0 0 0 -62.000282 -105.816917 -62.000282 -105.816917 -62.000282 -105.816917 0 0 
-1.31448395249
 1 295 295 p_scribble_82 _ 541763 0 0 26 0 0 0 0 0 -66.322563 -106.796417 -66.322563 -106.796417 -66.322563 -106.796417 0 0 
-1.38155499973
 1 296 296 p_scribble_83 _ 541713 0 0 26 0 0 0 0 0 -75.109016 -107.860062 -75.109016 -107.860062 -75.109016 -107.860062 0 0 
-1.52056815099
 1 297 297 p_scribble_84 _ 541765 0 0 26 0 0 0 0 0 -79.535561 -107.921089 -79.535561 -107.921089 -79.535561 -107.921089 0 0 
-1.59395355501
 1 298 298 p_scribble_85 _ 541757 0 0 26 0 0 0 0 0 -83.954384 -107.650528 -83.954384 -107.650528 -83.954384 -107.650528 0 0 
-1.67048374559
 1 299 299 p_scribble_86 _ 541714 0 0 26 0 0 0 0 0 -88.338425 -107.035866 -88.338425 -107.035866 -88.338425 -107.035866 0 0 
-1.75022850098
 1 300 300 p_scribble_87 _ 541761 0 0 26 0 0 0 0 0 -92.657799 -106.067429 -92.657799 -106.067429 -92.657799 -106.067429 0 0 
-1.83294309112
 1 301 301 p_scribble_88 _ 541715 0 0 26 0 0 0 0 0 -65.673721 -99.535301 -65.673721 -99.535301 -65.673721 -99.535301 0 0 
-1.34408232754
 1 302 302 p_scribble_89 _ 541766 0 0 26 0 0 0 0 0 -70.532021 -100.442223 -70.532021 -100.442223 -70.532021 -100.442223 0 0 
-1.42776616881
 1 303 303 p_scribble_90 _ 541761 0 0 26 0 0 0 0 0 -75.449516 -100.940041 -75.449516 -100.940041 -75.449516 -100.940041 0 0 
-1.51321197229
 1 304 304 p_scribble_91 _ 541767 0 0 26 0 0 0 0 0 -80.390503 -100.990585 -80.390503 -100.990585 -80.390503 -100.990585 0 0 
-1.6108873849
 1 305 305 p_scribble_92 _ 541716 0 0 26 0 0 0 0 0 -85.307076 -100.50396 -85.307076 -100.50396 -85.307076 -100.50396 0 0 
-1.73351477456
 1 306 306 p_scribble_93 _ 541717 0 0 26 0 0 0 0 0 -34.578892 -135.06929 -34.578892 -135.06929 -34.578892 -135.06929 0 0 
0.170794898267
 1 307 307 p_scribble_94 _ 541754 0 0 26 0 0 0 0 0 -33.440453 -144.611267 -33.440453 -144.611267 -33.440453 -144.611267 0 0 
0.0901900969978
 1 308 308 p_scribble_95 _ 541749 0 0 26 0 0 0 0 0 -32.502758 -154.249161 -32.502758 -154.249161 -32.502758 -154.249161 0 0 
0.117048183
 1 309 309 p_scribble_96 _ 541718 0 0 26 0 0 0 0 0 -31.002506 -163.731934 -31.002506 -163.731934 -31.002506 -163.731934 0 0 
0.204130215173
 1 310 310 p_scribble_97 _ 541752 0 0 26 0 0 0 0 0 -28.51384 -173.016632 -28.51384 -173.016632 -28.51384 -173.016632 0 0 
0.322894266238
 1 311 311 p_scribble_98 _ 541750 0 0 26 0 0 0 0 0 -24.880899 -181.929199 -24.880899 -181.929199 -24.880899 -181.929199 0 0 
0.45124020964
 1 312 312 p_scribble_99 _ 541750 0 0 26 0 0 0 0 0 -20.159937 -190.307327 -20.159937 -190.307327 -20.159937 -190.307327 0 0 
0.573065655428
 1 313 313 p_scribble_100 _ 541758 0 0 26 0 0 0 0 0 -14.519828 -198.075638 -14.519828 -198.075638 -14.519828 -198.075638 0 0 
0.68020001938
 1 314 314 p_scribble_101 _ 541719 0 0 26 0 0 0 0 0 -38.001095 74.051125 -38.001095 74.051125 -38.001095 74.051125 0 0 
-0.824087159575
 1 315 315 p_scribble_102 _ 541746 0 0 26 0 0 0 0 0 -40.62299 71.409546 -40.62299 71.409546 -40.62299 71.409546 0 0 
-0.736763504025
 1 316 316 p_scribble_103 _ 541744 0 0 26 0 0 0 0 0 -42.98254 68.538795 -42.98254 68.538795 -42.98254 68.538795 0 0 
-0.637875471582
 1 317 317 p_scribble_104 _ 541745 0 0 26 0 0 0 0 0 -45.04414 65.439323 -45.04414 65.439323 -45.04414 65.439323 0 0 
-0.536668594734
 1 318 318 p_scribble_105 _ 541723 0 0 26 0 0 0 0 0 -46.793087 62.157906 -46.793087 62.157906 -46.793087 62.157906 0 0 
-0.445158191086
 1 319 319 p_scribble_106 _ 541746 0 0 26 0 0 0 0 0 -48.265423 58.738132 -48.265423 58.738132 -48.265423 58.738132 0 0 
-0.371235801623
 1 320 320 p_scribble_107 _ 541719 0 0 26 0 0 0 0 0 -15.357241 -116.959572 -15.357241 -116.959572 -15.357241 -116.959572 0 0 
-2.68403197729
 1 321 321 p_scribble_108 _ 541746 0 0 26 0 0 0 0 0 -17.426006 -114.132927 -17.426006 -114.132927 -17.426006 -114.132927 0 0 
-2.33539089362
 1 322 322 p_scribble_109 _ 541744 0 0 26 0 0 0 0 0 -20.286648 -112.076233 -20.286648 -112.076233 -20.286648 -112.076233 0 0 
-2.0811397101
 1 323 323 p_scribble_110 _ 541745 0 0 26 0 0 0 0 0 -23.46254 -110.516563 -23.46254 -110.516563 -23.46254 -110.516563 0 0 
-2.00145940972
 1 324 324 p_scribble_111 _ 541723 0 0 26 0 0 0 0 0 -26.637012 -108.956474 -26.637012 -108.956474 -26.637012 -108.956474 0 0 
-2.07838453339
 1 325 325 p_scribble_112 _ 541746 0 0 26 0 0 0 0 0 -29.538904 -106.951035 -29.538904 -106.951035 -29.538904 -106.951035 0 0 
-2.29262505678
 1 326 326 p_scribble_113 _ 541720 0 0 26 0 0 0 0 0 -8.271074 -241.994064 -8.271074 -241.994064 -8.271074 -241.994064 0 0 
-1.77865455584
 1 327 327 p_scribble_114 _ 541727 0 0 26 0 0 0 0 0 -10.965447 -241.652969 -10.965447 -241.652969 -10.965447 -241.652969 0 0 
-1.62187213796
 1 328 328 p_scribble_115 _ 541739 0 0 26 0 0 0 0 0 -13.692945 -241.676727 -13.692945 -241.676727 -13.692945 -241.676727 0 0 
-1.50995319829
 1 329 329 p_scribble_116 _ 541721 0 0 26 0 0 0 0 0 -16.419106 -241.947357 -16.419106 -241.947357 -16.419106 -241.947357 0 0 
-1.44015786666
 1 330 330 p_scribble_117 _ 541726 0 0 26 0 0 0 0 0 -21.785753 -242.824951 -21.785753 -242.824951 -21.785753 -242.824951 0 0 
-1.39433058274
 1 331 331 p_scribble_118 _ 541741 0 0 26 0 0 0 0 0 -24.476027 -243.295258 -24.476027 -243.295258 -24.476027 -243.295258 0 0 
-1.40404819188
 1 332 332 p_scribble_119 _ 541745 0 0 26 0 0 0 0 0 -27.191162 -243.719879 -27.191162 -243.719879 -27.191162 -243.719879 0 0 
-1.42962052875
 1 333 333 p_scribble_120 _ 541746 0 0 26 0 0 0 0 0 -29.880228 -244.053207 -29.880228 -244.053207 -29.880228 -244.053207 0 0 
-1.46711770536
 1 334 334 p_scribble_121 _ 541722 0 0 26 0 0 0 0 0 -32.59539 -244.272873 -32.59539 -244.272873 -32.59539 -244.272873 0 0 
-1.51441239228
 1 335 335 p_scribble_122 _ 541731 0 0 26 0 0 0 0 0 -35.349422 -244.353668 -35.349422 -244.353668 -35.349422 -244.353668 0 0 
-1.56953929644
 1 336 336 p_scribble_123 _ 541723 0 0 26 0 0 0 0 0 -38.04253 -244.278824 -38.04253 -244.278824 -38.04253 -244.278824 0 0 
-1.62823203038
 1 337 337 p_scribble_124 _ 541746 0 0 26 0 0 0 0 0 -40.771984 -244.036697 -40.771984 -244.036697 -40.771984 -244.036697 0 0 
-1.69057969314
 1 338 338 p_scribble_125 _ 541732 0 0 26 0 0 0 0 0 -43.457378 -243.627991 -43.457378 -243.627991 -43.457378 -243.627991 0 0 
-1.75305745275
 1 339 339 p_scribble_126 _ 541726 0 0 26 0 0 0 0 0 36.786674 -160.893692 36.786674 -160.893692 36.786674 -160.893692 0 0 
-0.861911428333
 1 340 340 p_scribble_127 _ 541723 0 0 26 0 0 0 0 0 34.30875 -163.082993 34.30875 -163.082993 34.30875 -163.082993 0 0 
-0.831554864812
 1 341 341 p_scribble_128 _ 541732 0 0 26 0 0 0 0 0 31.920769 -165.337311 31.920769 -165.337311 31.920769 -165.337311 0 0 
-0.795777884684
 1 342 342 p_scribble_129 _ 541722 0 0 26 0 0 0 0 0 29.613558 -167.692978 29.613558 -167.692978 29.613558 -167.692978 0 0 
-0.752971242048
 1 343 343 p_scribble_130 _ 541721 0 0 26 0 0 0 0 0 27.411541 -170.163116 27.411541 -170.163116 27.411541 -170.163116 0 0 
-0.701664043248
 1 344 344 p_scribble_131 _ 541726 0 0 26 0 0 0 0 0 23.485312 -175.446213 23.485312 -175.446213 23.485312 -175.446213 0 0 
-0.569438424972
 1 345 345 p_scribble_132 _ 541741 0 0 26 0 0 0 0 0 21.826073 -178.282669 21.826073 -178.282669 21.826073 -178.282669 0 0 
-0.487467589427
 1 346 346 p_scribble_133 _ 541745 0 0 26 0 0 0 0 0 20.423269 -181.240341 20.423269 -181.240341 20.423269 -181.240341 0 0 
-0.397108038415
 1 347 347 p_scribble_134 _ 541746 0 0 26 0 0 0 0 0 19.291916 -184.345642 19.291916 -184.345642 19.291916 -184.345642 0 0 
-0.301388808254
 1 348 348 p_scribble_135 _ 541722 0 0 26 0 0 0 0 0 18.46373 -187.534225 18.46373 -187.534225 18.46373 -187.534225 0 0 
-0.207692222676
 1 349 349 p_scribble_136 _ 541731 0 0 26 0 0 0 0 0 17.926657 -190.778946 17.926657 -190.778946 17.926657 -190.778946 0 0 
-0.122160147573
 1 350 350 p_scribble_137 _ 541723 0 0 26 0 0 0 0 0 17.648626 -194.066879 17.648626 -194.066879 17.648626 -194.066879 0 0 
-0.0488894640412
 1 351 351 p_scribble_138 _ 541746 0 0 26 0 0 0 0 0 17.588459 -197.373505 17.588459 -197.373505 17.588459 -197.373505 0 0 
0.0100569011377
 1 352 352 p_scribble_139 _ 541732 0 0 26 0 0 0 0 0 17.697836 -200.649567 17.697836 -200.649567 17.697836 -200.649567 0 0 
0.0544721264513
 1 353 353 p_scribble_140 _ 541740 0 0 26 0 0 0 0 0 57.871937 5.91607 57.871937 5.91607 57.871937 5.91607 0 0 
-1.73644518232
 1 354 354 p_scribble_141 _ 541738 0 0 26 0 0 0 0 0 53.054371 6.751869 53.054371 6.751869 53.054371 6.751869 0 0 
-1.74889438877
 1 355 355 p_scribble_142 _ 541723 0 0 26 0 0 0 0 0 48.237499 7.652238 48.237499 7.652238 48.237499 7.652238 0 0 
-1.7624541482
 1 356 356 p_scribble_143 _ 541722 0 0 26 0 0 0 0 0 43.544533 8.597405 43.544533 8.597405 43.544533 8.597405 0 0 
-1.77682150638
 1 357 357 p_scribble_144 _ 541739 0 0 26 0 0 0 0 0 38.789696 9.630136 38.789696 9.630136 38.789696 9.630136 0 0 
-1.79276638036
 1 358 358 p_scribble_145 _ 541726 0 0 26 0 0 0 0 0 29.368557 11.934004 29.368557 11.934004 29.368557 11.934004 0 0 
-1.8298438402
 1 359 359 p_scribble_146 _ 541741 0 0 26 0 0 0 0 0 24.683786 13.229908 24.683786 13.229908 24.683786 13.229908 0 0 
-1.85196512015
 1 360 360 p_scribble_147 _ 541745 0 0 26 0 0 0 0 0 20.046488 14.631371 20.046488 14.631371 20.046488 14.631371 0 0 
-1.8772014986
 1 361 361 p_scribble_148 _ 541746 0 0 26 0 0 0 0 0 15.435369 16.163185 15.435369 16.163185 15.435369 16.163185 0 0 
-1.9066334216
 1 362 362 p_scribble_149 _ 541722 0 0 26 0 0 0 0 0 10.908894 17.828907 10.908894 17.828907 10.908894 17.828907 0 0 
-1.94121403091
 1 363 363 p_scribble_150 _ 541731 0 0 26 0 0 0 0 0 6.395358 19.688826 6.395358 19.688826 6.395358 19.688826 0 0 
-1.98355856273
 1 364 364 p_scribble_151 _ 541723 0 0 26 0 0 0 0 0 2.012158 21.740726 2.012158 21.740726 2.012158 21.740726 0 0 
-2.03567875333
 1 365 365 p_scribble_152 _ 541746 0 0 26 0 0 0 0 0 -2.223886 24.036224 -2.223886 24.036224 -2.223886 24.036224 0 0 
-2.10200051329
 1 366 366 p_scribble_153 _ 541732 0 0 26 0 0 0 0 0 -6.331341 26.689989 -6.331341 26.689989 -6.331341 26.689989 0 0 
-2.19135330604
 1 367 367 p_scribble_154 _ 541740 0 0 26 0 0 0 0 0 -45.608894 -11.811339 -45.608894 -11.811339 -45.608894 -11.811339 0 0 
-0.387569028817
 1 368 368 p_scribble_155 _ 541739 0 0 26 0 0 0 0 0 -46.5583 -14.860611 -46.5583 -14.860611 -46.5583 -14.860611 0 0 
-0.213243922945
 1 369 369 p_scribble_156 _ 541729 0 0 26 0 0 0 0 0 -46.936108 -18.041899 -46.936108 -18.041899 -46.936108 -18.041899 0 0 
-0.0199629883773
 1 370 370 p_scribble_157 _ 541730 0 0 26 0 0 0 0 0 -46.667076 -21.224962 -46.667076 -21.224962 -46.667076 -21.224962 0 0 
0.19153647801
 1 371 371 p_scribble_158 _ 541731 0 0 26 0 0 0 0 0 -45.711727 -24.274376 -45.711727 -24.274376 -45.711727 -24.274376 0 0 
0.417270238669
 1 372 372 p_scribble_159 _ 541746 0 0 26 0 0 0 0 0 -44.088646 -27.031832 -44.088646 -27.031832 -44.088646 -27.031832 0 0 
0.645908506407
 1 373 373 p_scribble_160 _ 541724 0 0 26 0 0 0 0 0 -41.903851 -29.353195 -41.903851 -29.353195 -41.903851 -29.353195 0 0 
0.860989981771
 1 374 374 p_scribble_161 _ 541725 0 0 26 0 0 0 0 0 -56.882351 -35.383541 -56.882351 -35.383541 -56.882351 -35.383541 0 0 
-0.918011859683
 1 375 375 p_scribble_162 _ 541739 0 0 26 0 0 0 0 0 -59.437805 -37.687927 -59.437805 -37.687927 -59.437805 -37.687927 0 0 
-0.745794622819
 1 376 376 p_scribble_163 _ 541731 0 0 26 0 0 0 0 0 -61.485264 -40.445087 -61.485264 -40.445087 -61.485264 -40.445087 0 0 
-0.527810891852
 1 377 377 p_scribble_164 _ 541744 0 0 26 0 0 0 0 0 -62.886883 -43.583782 -62.886883 -43.583782 -62.886883 -43.583782 0 0 
-0.318642452267
 1 378 378 p_scribble_165 _ 541726 0 0 26 0 0 0 0 0 -56.567638 -29.594028 -56.567638 -29.594028 -56.567638 -29.594028 0 0 
-0.997451950402
 1 379 379 p_scribble_166 _ 541731 0 0 26 0 0 0 0 0 -58.879608 -31.204027 -58.879608 -31.204027 -58.879608 -31.204027 0 0 
-0.923578587237
 1 380 380 p_scribble_167 _ 541727 0 0 26 0 0 0 0 0 -61.053059 -33.016457 -61.053059 -33.016457 -61.053059 -33.016457 0 0 
-0.823209241523
 1 381 381 p_scribble_168 _ 541732 0 0 26 0 0 0 0 0 -62.998375 -35.057117 -62.998375 -35.057117 -62.998375 -35.057117 0 0 
-0.6952430294
 1 382 382 p_scribble_169 _ 541738 0 0 26 0 0 0 0 0 -64.640045 -37.350948 -64.640045 -37.350948 -64.640045 -37.350948 0 0 
-0.544194384527
 1 383 383 p_scribble_170 _ 541739 0 0 26 0 0 0 0 0 -65.903946 -39.876175 -65.903946 -39.876175 -65.903946 -39.876175 0 0 
-0.383917538285
 1 384 384 p_scribble_171 _ 541732 0 0 26 0 0 0 0 0 -66.754288 -42.558479 -66.754288 -42.558479 -66.754288 -42.558479 0 0 
-0.232774697994
 1 385 385 p_scribble_172 _ 541728 0 0 26 0 0 0 0 0 7.540231 -27.930241 7.540231 -27.930241 7.540231 -27.930241 0 0 
-2.73694020149
 1 386 386 p_scribble_173 _ 541746 0 0 26 0 0 0 0 0 5.930502 -25.018946 5.930502 -25.018946 5.930502 -25.018946 0 0 
-2.53614211651
 1 387 387 p_scribble_174 _ 541729 0 0 26 0 0 0 0 0 3.773917 -22.451754 3.773917 -22.451754 3.773917 -22.451754 0 0 
-2.35714706814
 1 388 388 p_scribble_175 _ 541730 0 0 26 0 0 0 0 0 1.256089 -20.242636 1.256089 -20.242636 1.256089 -20.242636 0 0 
-2.23581504438
 1 389 389 p_scribble_176 _ 541731 0 0 26 0 0 0 0 0 -1.447562 -18.261641 -1.447562 -18.261641 -1.447562 -18.261641 0 0 
-2.18160279745
 1 390 390 p_scribble_177 _ 541732 0 0 26 0 0 0 0 0 -4.194844 -16.337456 -4.194844 -16.337456 -4.194844 -16.337456 0 0 
-2.19259767342
 1 391 391 p_scribble_178 _ 541738 0 0 26 0 0 0 0 0 -6.855797 -14.299984 -6.855797 -14.299984 -6.855797 -14.299984 0 0 
-2.26613965092
 1 392 392 p_scribble_179 _ 541754 0 0 26 0 0 0 0 0 -64.736259 49.4991 -64.736259 49.4991 -64.736259 49.4991 0 0 
-0.159565153345
 1 393 393 p_scribble_180 _ 541733 0 0 26 0 0 0 0 0 -66.009369 40.724049 -66.009369 40.724049 -66.009369 40.724049 0 0 
-0.125676462357
 1 394 394 p_scribble_181 _ 541734 0 0 26 0 0 0 0 0 -66.891296 31.92001 -66.891296 31.92001 -66.891296 31.92001 0 0 
-0.0694593906555
 1 395 395 p_scribble_182 _ 541735 0 0 26 0 0 0 0 0 -67.153069 23.103939 -67.153069 23.103939 -67.153069 23.103939 0 0 
0.0140642293918
 1 396 396 p_scribble_183 _ 541760 0 0 26 0 0 0 0 0 -66.618805 14.238626 -66.618805 14.238626 -66.618805 14.238626 0 0 
0.103249837062
 1 397 397 p_scribble_184 _ 541735 0 0 26 0 0 0 0 0 -65.436142 5.429776 -65.436142 5.429776 -65.436142 5.429776 0 0 
0.155800373493
 1 398 398 p_scribble_185 _ 541763 0 0 26 0 0 0 0 0 -63.991558 -3.267432 -63.991558 -3.267432 -63.991558 -3.267432 0 0 
0.168519058775
 1 399 399 p_scribble_186 _ 541761 0 0 26 0 0 0 0 0 -62.526291 -12.008207 -62.526291 -12.008207 -62.526291 -12.008207 0 0 
0.161826768405
 1 400 400 p_scribble_187 _ 541749 0 0 26 0 0 0 0 0 -96.63504 -169.7099 -96.63504 -169.7099 -96.63504 -169.7099 0 0 
-0.106888726318
 1 401 401 p_scribble_188 _ 541764 0 0 26 0 0 0 0 0 -99.30938 -182.356964 -99.30938 -182.356964 -99.30938 -182.356964 0 0 
-0.312873179256
 1 402 402 p_scribble_189 _ 541736 0 0 26 0 0 0 0 0 -104.48597 -194.197678 -104.48597 -194.197678 -104.48597 -194.197678 0 0 
-0.503766712888
 1 403 403 p_scribble_190 _ 541762 0 0 26 0 0 0 0 0 -111.531822 -205.067032 -111.531822 -205.067032 -111.531822 -205.067032 0 0 
-0.635640019008
 1 404 404 p_scribble_191 _ 541749 0 0 26 0 0 0 0 0 102.303902 -176.31044 102.303902 -176.31044 102.303902 -176.31044 0 0 
-0.105425075779
 1 405 405 p_scribble_192 _ 541764 0 0 26 0 0 0 0 0 100.338699 -188.687958 100.338699 -188.687958 100.338699 -188.687958 0 0 
-0.211287915033
 1 406 406 p_scribble_193 _ 541736 0 0 26 0 0 0 0 0 96.98996 -200.809616 96.98996 -200.809616 96.98996 -200.809616 0 0 
-0.330234457722
 1 407 407 p_scribble_194 _ 541758 0 0 26 0 0 0 0 0 92.146355 -212.383026 92.146355 -212.383026 92.146355 -212.383026 0 0 
-0.465612000947
 1 408 408 p_scribble_195 _ 541753 0 0 26 0 0 0 0 0 85.679192 -223.130417 85.679192 -223.130417 85.679192 -223.130417 0 0 
-0.621437646808
 1 409 409 p_scribble_196 _ 541736 0 0 26 0 0 0 0 0 77.516891 -232.653885 77.516891 -232.653885 77.516891 -232.653885 0 0 
-0.799285874248
 1 410 410 p_scribble_197 _ 541749 0 0 26 0 0 0 0 0 67.733238 -240.481918 67.733238 -240.481918 67.733238 -240.481918 0 0 
-0.994929129371
 1 411 411 p_scribble_198 _ 541737 0 0 26 0 0 0 0 0 7.611278 -89.541496 7.611278 -89.541496 7.611278 -89.541496 0 0 
-1.32384643949
 1 412 412 p_scribble_199 _ 541738 0 0 26 0 0 0 0 0 4.745803 -90.250397 4.745803 -90.250397 4.745803 -90.250397 0 0 
-1.33393941658
 1 413 413 p_scribble_200 _ 541739 0 0 26 0 0 0 0 0 1.871452 -90.917351 1.871452 -90.917351 1.871452 -90.917351 0 0 
-1.35364441039
 1 414 414 p_scribble_201 _ 541740 0 0 26 0 0 0 0 0 -3.926002 -91.971764 -3.926002 -91.971764 -3.926002 -91.971764 0 0 
-1.44005586962
 1 415 415 p_scribble_202 _ 541741 0 0 26 0 0 0 0 0 -6.86486 -92.261284 -6.86486 -92.261284 -6.86486 -92.261284 0 0 
-1.50660572665
 1 416 416 p_scribble_203 _ 541742 0 0 26 0 0 0 0 0 -9.82064 -92.349701 -9.82064 -92.349701 -9.82064 -92.349701 0 0 
-1.57395667234
 1 417 417 p_scribble_204 _ 541744 0 0 26 0 0 0 0 0 -12.75855 -92.256516 -12.75855 -92.256516 -12.75855 -92.256516 0 0 
-1.62833402742
 1 418 418 p_scribble_205 _ 541743 0 0 26 0 0 0 0 0 -81.225929 -25.962282 -81.225929 -25.962282 -81.225929 -25.962282 0 0 
-1.0174351846
 1 419 419 p_scribble_206 _ 541744 0 0 26 0 0 0 0 0 -83.055344 -26.736168 -83.055344 -26.736168 -83.055344 -26.736168 0 0 
-1.32695195613
 1 420 420 p_scribble_207 _ 541745 0 0 26 0 0 0 0 0 -85.032288 -26.891758 -85.032288 -26.891758 -85.032288 -26.891758 0 0 
-1.66200237059
 1 421 421 p_scribble_208 _ 541746 0 0 26 0 0 0 0 0 -86.947922 -26.373098 -86.947922 -26.373098 -86.947922 -26.373098 0 0 
-2.00578011184
 1 422 422 p_scribble_209 _ 541747 0 0 26 0 0 0 0 0 19.720098 -272.396637 19.720098 -272.396637 19.720098 -272.396637 0 0 
-1.38183943603
 1 423 423 p_scribble_210 _ 541748 0 0 26 0 0 0 0 0 12.496272 -273.559113 12.496272 -273.559113 12.496272 -273.559113 0 0 
-1.44002869485
 1 424 424 p_scribble_211 _ 541749 0 0 26 0 0 0 0 0 5.217918 -274.312469 5.217918 -274.312469 5.217918 -274.312469 0 0 
-1.49475160766
 1 425 425 p_scribble_212 _ 541750 0 0 26 0 0 0 0 0 -2.090446 -274.677765 -2.090446 -274.677765 -2.090446 -274.677765 0 0 
-1.54650334181
 1 426 426 p_scribble_213 _ 541751 0 0 26 0 0 0 0 0 -9.408084 -274.673737 -9.408084 -274.673737 -9.408084 -274.673737 0 0 
-1.5958378648
 1 427 427 p_scribble_214 _ 541752 0 0 26 0 0 0 0 0 -16.717226 -274.315826 -16.717226 -274.315826 -16.717226 -274.315826 0 0 
-1.6433672985
 1 428 428 p_scribble_215 _ 541753 0 0 26 0 0 0 0 0 -24.002197 -273.615479 -24.002197 -273.615479 -24.002197 -273.615479 0 0 
-1.68977940734
 1 429 429 p_scribble_216 _ 541754 0 0 26 0 0 0 0 0 -31.24835 -272.579376 -31.24835 -272.579376 -31.24835 -272.579376 0 0 
-1.73588152825
 1 430 430 p_scribble_217 _ 541755 0 0 26 0 0 0 0 0 -38.44043 -271.208313 -38.44043 -271.208313 -38.44043 -271.208313 0 0 
-1.78268085583
 1 431 431 p_scribble_218 _ 541764 0 0 26 0 0 0 0 0 -45.560013 -269.495636 -45.560013 -269.495636 -45.560013 -269.495636 0 0 
-1.83153694917
 1 432 432 p_scribble_219 _ 541758 0 0 26 0 0 0 0 0 -77.642128 -41.764317 -77.642128 -41.764317 -77.642128 -41.764317 0 0 
-1.06282435598
 1 433 433 p_scribble_220 _ 541766 0 0 26 0 0 0 0 0 -81.533844 -43.823975 -81.533844 -43.823975 -81.533844 -43.823975 0 0 
-1.10959678803
 1 434 434 p_scribble_221 _ 541756 0 0 26 0 0 0 0 0 -85.552567 -45.647839 -85.552567 -45.647839 -85.552567 -45.647839 0 0 
-1.18478536149
 1 435 435 p_scribble_222 _ 541757 0 0 26 0 0 0 0 0 -89.71759 -47.108261 -89.71759 -47.108261 -89.71759 -47.108261 0 0 
-1.28567121993
 1 436 436 p_scribble_223 _ 541765 0 0 26 0 0 0 0 0 -94.021118 -48.11335 -94.021118 -48.11335 -94.021118 -48.11335 0 0 
-1.39701758689
 1 437 437 p_scribble_224 _ 541760 0 0 26 0 0 0 0 0 -98.389839 -48.647015 -98.389839 -48.647015 -98.389839 -48.647015 0 0 
-1.49866311734
 1 438 438 p_scribble_225 _ 541766 0 0 26 0 0 0 0 0 -102.789589 -48.77676 -102.789589 -48.77676 -102.789589 -48.77676 0 0 
-1.58037196151
 1 439 439 p_scribble_226 _ 541767 0 0 26 0 0 0 0 0 -107.195892 -48.592381 -107.195892 -48.592381 -107.195892 -48.592381 0 0 
-1.64171574582
 1 440 440 p_scribble_227 _ 541758 0 0 26 0 0 0 0 0 85.527191 -50.080223 85.527191 -50.080223 85.527191 -50.080223 0 0 
-1.52018372478
 1 441 441 p_scribble_228 _ 541759 0 0 26 0 0 0 0 0 81.401611 -49.676807 81.401611 -49.676807 81.401611 -49.676807 0 0 
-1.81397233985
 1 442 442 p_scribble_229 _ 541761 0 0 26 0 0 0 0 0 77.506378 -48.169388 77.506378 -48.169388 77.506378 -48.169388 0 0 
-2.05033279928
 1 443 443 p_scribble_230 _ 541760 0 0 26 0 0 0 0 0 73.944107 -45.958935 73.944107 -45.958935 73.944107 -45.958935 0 0 
-2.18454798815
 1 444 444 p_scribble_231 _ 541766 0 0 26 0 0 0 0 0 70.57962 -43.467327 70.57962 -43.467327 70.57962 -43.467327 0 0 
-2.21378391069
 1 445 445 p_scribble_232 _ 541761 0 0 26 0 0 0 0 0 67.113647 -41.073875 67.113647 -41.073875 67.113647 -41.073875 0 0 
-2.10725561231
 1 446 446 p_scribble_233 _ 541767 0 0 26 0 0 0 0 0 63.269814 -39.516109 63.269814 -39.516109 63.269814 -39.516109 0 0 
-1.74783619566
 1 447 447 p_scribble_234 _ 541762 0 0 26 0 0 0 0 0 -69.586235 108.79023 -69.586235 108.79023 -69.586235 108.79023 0 0 
-1.08757345596
 1 448 448 p_scribble_235 _ 541763 0 0 26 0 0 0 0 0 -78.143204 105.421043 -78.143204 105.421043 -78.143204 105.421043 0 0 
-1.34817720151
 1 449 449 p_scribble_236 _ 541766 0 0 26 0 0 0 0 0 -87.345383 104.840607 -87.345383 104.840607 -87.345383 104.840607 0 0 
-1.6278629107
 1 450 450 p_scribble_237 _ 541765 0 0 26 0 0 0 0 0 -96.504646 105.835403 -96.504646 105.835403 -96.504646 105.835403 0 0 
-1.71059827026
 1 451 451 p_scribble_238 _ 541764 0 0 26 0 0 0 0 0 -68.610237 119.317749 -68.610237 119.317749 -68.610237 119.317749 0 0 
-1.20429487842
 1 452 452 p_scribble_239 _ 541766 0 0 26 0 0 0 0 0 -77.410324 116.426903 -77.410324 116.426903 -77.410324 116.426903 0 0 
-1.31425959042
 1 453 453 p_scribble_240 _ 541765 0 0 26 0 0 0 0 0 -86.529221 114.913994 -86.529221 114.913994 -86.529221 114.913994 0 0 
-1.51657740337
 1 454 454 p_scribble_241 _ 541766 0 0 26 0 0 0 0 0 -95.730705 115.642357 -95.730705 115.642357 -95.730705 115.642357 0 0 
-1.77951182665
 1 455 455 p_scribble_242 _ 541767 0 0 26 0 0 0 0 0 -104.601608 118.391159 -104.601608 118.391159 -104.601608 118.391159 0 0 
-1.93720211244
