postfx_paramsfile version 1
9
pfx_default 0 0  125.9922 1.0588 1.451 9.1765  0.9608 1.1373 1.1373 0.1961  1 1 1 1
pfx_map_params 0 3  128 1.04 1.2941 10  2.3725 2.1569 1.8431 0.4863  1 1 1.05 1
pfx_indoors 0 0  128 1 1.2549 10  0.6471 4.7843 4.1616 0.00155  0.9804 0.9804 1.5294 1
pfx_sunset 0 0  128 0.5882 0.9804 0.9804  0.0784 2.1176 1.3725 0.1255  0.9804 0.9804 1.7647 1
pfx_night 0 0  128 1 1.2549 10  0.6471 4.7843 1.2157 0  0.9804 0.9804 1.5294 1
pfx_sunny 0 0  128 0.5882 0.9804 0.9804  0.0784 2.1176 1.3725 0.1255  0.9804 0.9804 1.7647 1
pfx_cloudy 0 0  128 1 0.9804 0  0.3137 2.6667 2 0.4314  0.9804 0.9804 1.4314 1
pfx_overcast 0 0  128 1 0.9804 0  0.3137 2.6667 2 0  0.9804 0.9804 1.0314 1
pfx_high_contrast 0 3  128 1 1.2941 10  0.4314 2 1.0588 0.0549  2 0.7059 1.4902 1
