simple_triggers_file version 1
85
-6  0 
-5  0 
1  8 32 2 144115188075856042 0 32 2 144115188075856032 0 30 2 144115188075856039 1 31 2 144115188075856038 0 2270 1 1224979098644774912 30 2 1224979098644774912 144115188075856043 2147485921 0 1030 3 0 0 0 
0  4 31 2 144115188075855996 1 32 2 144115188075855995 0 132 1 144115188075855995 1623 3 0 144115188075855995 0 
0  40 4 0 30 2 144115188075856052 0 1680 2 1224979098644774912 144115188075856052 32 2 1224979098644774912 0 2204 2 1224979098644774913 144115188075856052 2190 3 1224979098644774914 1224979098644774913 22 2204 2 1224979098644774915 1224979098644774912 2190 3 1224979098644774916 1224979098644774915 22 30 2 1224979098644774914 0 2147483678 2 1224979098644774916 0 1300 1 144115188075856052 1030 3 0 0 0 5 0 2270 1 1224979098644774917 2133 2 1224979098644774918 0 4 0 2147483679 2 144115188075856350 0 30 2 1224979098644774917 144115188075856350 2133 2 1224979098644774918 1 2133 2 144115188075856350 0 3 0 1073741855 2 1224979098644774918 1 37 0 4 0 30 2 144115188075855997 1 2060 1 144115188075855997 2133 2 144115188075855997 -1 5 0 30 2 144115188075855937 1 1300 1 144115188075855937 5 0 30 2 144115188075856042 1 1300 1 144115188075856042 5 0 30 2 144115188075855981 1 2133 2 144115188075855981 0 2133 2 144115188075855976 0 1106 1 1585267068834415535 3 0 3 0 
0  19 560 3 839 0 1 520 3 1224979098644774912 839 0 520 3 144115188075856489 840 0 520 3 144115188075856490 841 0 2060 1 1224979098644774912 2133 2 1224979098644774913 2 6 3 1224979098644774914 1 1224979098644774913 4 0 560 3 839 1224979098644774914 1 2105 2 1224979098644774913 1 3 0 2121 3 1224979098644774915 1224979098644774914 1 520 3 1224979098644774916 839 1224979098644774914 500 3 839 1224979098644774915 1224979098644774916 520 3 1224979098644774916 840 1224979098644774914 500 3 840 1224979098644774915 1224979098644774916 520 3 1224979098644774916 841 1224979098644774914 500 3 841 1224979098644774915 1224979098644774916 3 0 
1  2 37 0 1 2 318 65536 
96.4  1 1 1 25 
24  13 1 1 8 6 3 1224979098644774912 18 96 6 3 1224979098644774913 32 40 2120 3 1224979098644774914 200 1224979098644774913 501 3 1224979098644774912 1224979098644774914 0 3 0 3 0 6 3 1224979098644774915 529 614 500 3 1224979098644774915 18 0 3 0 6 3 1224979098644774915 614 824 500 3 1224979098644774915 18 0 3 0 
4.15  5 4 0 2136 3 1224979098644774912 1 101 2147483678 2 1224979098644774912 10 1 1 26 3 0 
180  2 2106 2 144115188075856284 1 2111 2 144115188075856284 0 
24  17 1 1 169 2133 2 1224979098644774912 72057594037927936 1671 2 1224979098644774913 0 2121 3 1224979098644774914 1224979098644774912 1224979098644774913 2123 3 1224979098644774915 1224979098644774914 5 2122 3 1224979098644774916 1224979098644774915 5 4 0 2147483679 2 1224979098644774916 1224979098644774914 4 0 32 2 1224979098644774914 0 2105 2 1224979098644774915 1 5 0 2106 2 1224979098644774915 1 3 0 3 0 2105 2 1224979098644774913 1224979098644774915 1672 2 0 1224979098644774913 
0.5  25 1 2 178 0 2133 2 1224979098644774912 72057594037927937 2147483679 2 144115188075855977 1224979098644774912 4 0 1073741855 2 1224979098644774912 33 31 2 1224979098644774912 -1 4 0 32 2 144115188075855977 -1 2120 3 72057594037927938 2012 144115188075855977 2320 2 1 72057594037927938 1105 1 1585267068834415536 3 0 5 0 2120 3 72057594037927938 2012 1224979098644774912 2320 2 1 72057594037927938 1 3 181 1224979098644774912 -1 4 0 32 2 72057594037927937 -1 2335 2 2 72057594037927937 1105 1 1585267068834415537 5 0 1105 1 1585267068834415538 3 0 3 0 2133 2 144115188075855977 1224979098644774912 
168  18 6 3 1224979098644774912 18 96 132 1 1224979098644774912 541 3 1224979098644774912 260 0 1651 2 1224979098644774913 1224979098644774912 7 3 1224979098644774914 0 1224979098644774913 1656 3 1224979098644774915 1224979098644774912 1224979098644774914 2147485155 1 1224979098644774915 1657 3 1224979098644774916 1224979098644774912 1224979098644774914 2136 3 1224979098644774917 0 40 2107 2 1224979098644774916 1224979098644774917 2108 2 1224979098644774916 100 4 0 30 2 1224979098644774917 20 2111 2 1224979098644774916 1 3 0 1616 3 1224979098644774912 1224979098644774915 1224979098644774916 3 0 3 0 
24  22 6 3 1224979098644774912 529 614 520 3 1224979098644774913 1224979098644774912 10 30 2 1224979098644774913 1 132 1 1224979098644774913 541 3 1224979098644774913 0 13 1694 2 1224979098644774914 1224979098644774913 33 3 1224979098644774914 18 96 541 3 1224979098644774914 54 -1 1 2 149 1224979098644774912 3 0 6 3 1224979098644774915 18 96 132 1 1224979098644774915 541 3 1224979098644774915 260 0 2147484189 3 1224979098644774915 7 0 561 3 1224979098644774915 7 1 541 3 1224979098644774915 260 0 1 2 37 1224979098644774915 521 3 1224979098644774916 1224979098644774915 257 1601 2 1224979098644774917 1224979098644774915 32 2 1224979098644774916 1224979098644774917 1 2 148 1224979098644774915 3 0 
69  56 1103 1 3 11 1 1224979098644774912 32 2 1224979098644774912 455 132 1 1224979098644774912 2147483679 2 1224979098644774912 0 1650 2 1224979098644774913 1224979098644774912 4 0 31 2 1224979098644774913 0 1680 2 1224979098644774914 1224979098644774912 2147483678 2 1224979098644774914 0 1609 2 1224979098644774915 1224979098644774912 2147483679 2 1224979098644774915 5 2147483679 2 1224979098644774915 7 2147483679 2 1224979098644774915 8 2147483679 2 1224979098644774915 6 1232 1 1224979098644774912 5 0 1680 2 1224979098644774914 1224979098644774912 2147483678 2 1224979098644774914 0 1609 2 1224979098644774915 1224979098644774912 1073741855 2 1224979098644774915 241 31 2 1224979098644774915 242 2281 3 1224979098644774916 0 1224979098644774912 32 2 1224979098644774916 50 1232 1 1224979098644774912 5 0 1608 2 1224979098644774917 1224979098644774912 4 0 1073741855 2 1224979098644774917 0 1073741855 2 1224979098644774917 1 1073741855 2 1224979098644774917 8 1073741855 2 1224979098644774917 9 32 2 1224979098644774917 13 2133 2 1224979098644774918 1000 6 3 1224979098644774919 0 1224979098644774918 1100 2 1224979098644774912 0 2133 2 1224979098644774920 72057594037927936 1669 2 1224979098644774920 216172782113786000 1603 2 1224979098644774920 524288 1625 2 1 1224979098644774920 1608 2 1224979098644774917 1224979098644774920 1232 1 1224979098644774920 4 0 1073741855 2 1224979098644774917 0 1073741855 2 1224979098644774917 1 1073741855 2 1224979098644774917 8 1073741855 2 1224979098644774917 9 32 2 1224979098644774917 13 5 0 1626 2 1224979098644774912 1 2133 2 1224979098644774918 0 3 0 3 0 3 0 3 0 3 0 
6  20 2272 1 1224979098644774912 4 0 2147483679 2 1224979098644774912 144115188075856491 2133 2 144115188075856491 1224979098644774912 4 0 31 2 144115188075856492 1 2105 2 144115188075856282 1 3 0 2133 2 144115188075856492 1 3 0 2133 2 1224979098644774913 0 4 0 2147483685 0 30 2 144115188075856052 0 1073742365 3 144115188075856052 130 1 33 3 144115188075856052 18 96 2133 2 1224979098644774913 1 3 0 31 2 1224979098644774913 0 2133 2 144115188075856492 0 
48  26 6 3 1224979098644774912 529 614 2136 3 1224979098644774913 0 100 2147483678 2 1224979098644774913 30 520 3 1224979098644774914 1224979098644774912 10 32 2 1224979098644774914 96 132 1 1224979098644774914 2170 3 1224979098644774915 17 1224979098644774912 2105 2 1224979098644774915 2 2122 3 1224979098644774916 1224979098644774915 500 1673 2 1224979098644774914 1224979098644774916 3 0 6 3 1224979098644774917 18 96 132 1 1224979098644774917 541 3 1224979098644774917 260 0 521 3 1224979098644774918 1224979098644774917 66 4 0 32 2 1224979098644774918 0 132 1 1224979098644774918 1673 2 1224979098644774918 100 3 0 2136 3 1224979098644774913 0 100 2147483678 2 1224979098644774913 10 521 3 1224979098644774919 1224979098644774917 7 2147483679 2 1224979098644774919 0 1673 2 1224979098644774917 3000 3 0 
36  1 2133 2 144115188075855925 1 
0  4 31 2 144115188075855925 1 30 2 144115188075855883 1 2133 2 144115188075855925 0 1 1 411 
24  58 6 3 1224979098644774912 3 21 1 2 416 1224979098644774912 3 0 2171 2 1224979098644774913 0 4 0 32 2 1224979098644774913 10 2121 3 1224979098644774914 1224979098644774913 10 2107 2 1224979098644774914 144115188075856512 2105 2 1224979098644774914 2000 2147483679 2 1224979098644774914 144115188075856506 2133 2 144115188075856506 1224979098644774914 1106 1 1585267068834415539 3 0 6 3 1224979098644774912 3 21 562 3 1224979098644774912 150 144115188075856514 522 3 1224979098644774915 1224979098644774912 153 522 3 1224979098644774916 1224979098644774912 148 6 3 1224979098644774917 18 96 132 1 1224979098644774917 541 3 1224979098644774917 260 0 2204 2 1224979098644774918 1224979098644774917 31 2 1224979098644774918 1224979098644774912 541 3 1224979098644774917 54 -1 521 3 1224979098644774919 1224979098644774917 256 4 0 1073741855 2 144115188075856513 2 31 2 144115188075856513 3 2133 2 1224979098644774919 0 5 0 1073741855 2 144115188075855883 0 31 2 144115188075856513 1 2108 2 1224979098644774919 2 2119 3 1224979098644774920 1224979098644774919 5 2106 2 1224979098644774919 1224979098644774920 3 0 4 0 2147484190 3 144115188075855993 158 0 2147484190 3 1224979098644774912 158 0 32 2 1224979098644774919 0 2108 2 1224979098644774919 2 2119 3 1224979098644774920 1224979098644774919 5 2106 2 1224979098644774919 1224979098644774920 2111 2 1224979098644774919 5 3 0 2105 2 1224979098644774915 1224979098644774919 2105 2 1224979098644774916 1224979098644774919 3 0 4 0 32 2 144115188075855883 0 31 2 144115188075856513 0 2147484190 3 144115188075855993 158 0 31 2 1224979098644774912 5 2105 2 1224979098644774915 10 3 0 2110 2 1224979098644774915 8000 502 3 1224979098644774912 153 1224979098644774915 502 3 1224979098644774912 148 1224979098644774916 3 0 
3  5 4 0 30 2 144115188075855883 1 1 1 412 1 1 432 3 0 
2  1 1 1 421 
24  4 4 0 30 2 144115188075855883 1 1 1 156 3 0 
10  47 6 3 1224979098644774912 529 614 2133 2 1224979098644774913 1 520 3 1224979098644774914 1224979098644774912 10 4 0 32 2 1224979098644774914 0 132 1 1224979098644774914 521 3 1224979098644774915 1224979098644774914 30 30 2 1224979098644774915 0 132 1 1224979098644774915 2204 2 1224979098644774916 1224979098644774914 522 3 1224979098644774917 1224979098644774916 7 30 2 1224979098644774917 0 520 3 1224979098644774918 1224979098644774917 10 31 2 1224979098644774915 1224979098644774918 2133 2 1224979098644774913 0 3 0 520 3 1224979098644774919 1224979098644774912 39 2105 2 1224979098644774919 1224979098644774913 2112 3 1224979098644774919 0 100 500 3 1224979098644774912 39 1224979098644774919 2133 2 1224979098644774913 1 4 0 32 2 1224979098644774914 0 2173 2 1224979098644774920 1224979098644774912 31 2 1224979098644774920 22 2147484188 3 1224979098644774912 16 -1 521 3 1224979098644774921 1224979098644774914 4 521 3 1224979098644774922 1224979098644774914 5 4 0 540 3 1224979098644774912 16 1224979098644774921 540 3 1224979098644774912 17 1224979098644774922 2133 2 1224979098644774913 -1 5 0 500 3 1224979098644774912 16 -1 500 3 1224979098644774912 17 -1 3 0 3 0 520 3 1224979098644774919 1224979098644774912 40 2105 2 1224979098644774919 1224979098644774913 2112 3 1224979098644774919 0 100 500 3 1224979098644774912 40 1224979098644774919 4 0 2147483678 2 1224979098644774919 10 500 3 1224979098644774912 16 -1 500 3 1224979098644774912 17 -1 3 0 3 0 
3  1 1 1 158 
3  144 2270 1 1224979098644774912 6 3 1224979098644774913 18 96 132 1 1224979098644774913 541 3 1224979098644774913 260 0 521 3 1224979098644774914 1224979098644774913 54 32 2 1224979098644774914 0 132 1 1224979098644774914 2204 2 1224979098644774915 1224979098644774914 2204 2 1224979098644774916 1224979098644774913 561 3 1224979098644774913 54 1 521 3 1224979098644774917 1224979098644774913 64 2121 3 1224979098644774917 1224979098644774912 1224979098644774917 2133 2 1224979098644774918 0 2133 2 1224979098644774919 0 2133 2 1224979098644774920 0 2133 2 1224979098644774921 0 6 3 1224979098644774922 529 614 540 3 1224979098644774922 2 2 2147484208 3 1224979098644774922 8 0 520 3 1224979098644774923 1224979098644774922 10 32 2 1224979098644774923 0 132 1 1224979098644774923 2173 2 1224979098644774924 1224979098644774922 31 2 1224979098644774924 1224979098644774915 2133 2 1224979098644774925 0 4 0 541 3 1224979098644774923 4 1 541 3 1224979098644774923 5 1224979098644774913 2133 2 1224979098644774925 1 5 0 521 3 1224979098644774926 1224979098644774923 30 32 2 1224979098644774926 0 132 1 1224979098644774926 541 3 1224979098644774926 4 1 541 3 1224979098644774926 5 1224979098644774913 2133 2 1224979098644774925 1 3 0 31 2 1224979098644774925 1 1680 2 1224979098644774927 1224979098644774923 3221225502 2 1224979098644774927 0 31 2 1224979098644774927 1224979098644774913 4 0 542 3 1224979098644774915 7 1224979098644774922 2133 2 1224979098644774921 1 3 0 1 2 80 1224979098644774923 2105 2 1224979098644774920 72057594037927936 3 0 4 0 32 2 1224979098644774920 0 1662 2 1224979098644774913 15 1 2 80 15 2133 2 1224979098644774928 72057594037927936 4 0 31 2 144115188075855937 1224979098644774913 31 2 144115188075855996 0 1 2 80 0 2105 2 1224979098644774928 72057594037927936 2107 2 1224979098644774920 2 3 0 521 3 1224979098644774929 1224979098644774913 65 2105 2 1224979098644774929 100 2107 2 1224979098644774928 1224979098644774929 2108 2 1224979098644774928 100 2111 2 1224979098644774928 1 4 0 31 2 1224979098644774921 1 31 2 1224979098644774915 144115188075855993 200 1 23 2107 2 1224979098644774920 2 3 0 2122 3 1224979098644774930 1224979098644774920 100 2108 2 1224979098644774930 1224979098644774928 2121 3 1224979098644774931 1224979098644774930 200 4 0 2147484210 3 1224979098644774916 150 1000 2111 2 1224979098644774931 0 3 0 4 0 32 2 1224979098644774931 -100 2123 3 1224979098644774932 1224979098644774917 3 2105 2 1224979098644774931 1224979098644774932 3 0 2108 2 1224979098644774931 5 2111 2 1224979098644774931 0 2121 3 1224979098644774933 100 1224979098644774930 2111 2 1224979098644774933 0 4 0 2136 3 1224979098644774934 0 100 2147483678 2 1224979098644774934 1224979098644774931 32 2 1224979098644774917 24 2133 2 1224979098644774918 1 5 0 2136 3 1224979098644774934 0 100 2147483678 2 1224979098644774934 1224979098644774933 2133 2 1224979098644774919 1 3 0 5 0 2133 2 1224979098644774919 1 3 0 4 0 31 2 1224979098644774918 1 6 3 1224979098644774922 529 614 540 3 1224979098644774922 2 2 2147484208 3 1224979098644774922 8 0 520 3 1224979098644774923 1224979098644774922 10 32 2 1224979098644774923 0 2133 2 1224979098644774925 0 4 0 541 3 1224979098644774923 4 1 541 3 1224979098644774923 5 1224979098644774913 541 3 1224979098644774923 8 0 2133 2 1224979098644774925 1 5 0 521 3 1224979098644774926 1224979098644774923 30 32 2 1224979098644774926 0 132 1 1224979098644774926 541 3 1224979098644774926 4 1 541 3 1224979098644774926 5 1224979098644774913 1 4 417 1224979098644774923 1 1224979098644774913 2133 2 1224979098644774925 1 3 0 31 2 1224979098644774925 1 1640 2 1224979098644774923 4 1641 2 1224979098644774923 1224979098644774913 1603 3 1224979098644774923 65536 1 501 3 1224979098644774923 8 1 3 0 5 0 31 2 1224979098644774919 1 6 3 1224979098644774922 529 614 540 3 1224979098644774922 2 2 2147484208 3 1224979098644774922 8 0 520 3 1224979098644774923 1224979098644774922 10 32 2 1224979098644774923 0 541 3 1224979098644774923 4 1 541 3 1224979098644774923 5 1224979098644774913 541 3 1224979098644774923 8 1 1 4 417 1224979098644774923 -1 -1 1 4 417 1224979098644774923 1 1224979098644774913 501 3 1224979098644774913 64 1224979098644774912 3 0 3 0 3 0 
12  6 6 3 1224979098644774912 529 614 500 3 1224979098644774912 20 0 3 0 6 3 1224979098644774912 765 824 500 3 1224979098644774912 20 0 3 0 
0.1  30 6 3 1224979098644774912 529 614 540 3 1224979098644774912 2 2 520 3 1224979098644774913 1224979098644774912 10 132 1 1224979098644774913 30 2 1224979098644774913 1 1694 2 1224979098644774914 1224979098644774913 2147483678 2 1224979098644774914 1 1665 2 1224979098644774915 1224979098644774913 33 3 1224979098644774915 18 96 1 3 147 1224979098644774915 1224979098644774913 4 0 30 2 72057594037927936 0 1660 2 1224979098644774913 1224979098644774915 5 0 1640 2 1224979098644774913 0 3 0 4 0 1073742365 3 1224979098644774915 0 3 541 3 1224979098644774915 0 2 2204 2 1224979098644774916 1224979098644774913 2204 2 1224979098644774917 1224979098644774915 31 2 1224979098644774916 1224979098644774917 1651 2 1224979098644774918 1224979098644774913 32 2 1224979098644774918 0 2133 2 144115188075855907 1 1 3 93 1224979098644774915 1224979098644774913 2133 2 144115188075855907 1 1 2 89 1224979098644774913 3 0 3 0 
48  11 1 3 303 0 50 6 3 1224979098644774912 18 96 132 1 1224979098644774912 541 3 1224979098644774912 260 0 2133 2 1224979098644774913 30 4 0 541 3 1224979098644774912 135 1 2133 2 1224979098644774913 5 3 0 1 3 303 1224979098644774912 1224979098644774913 3 0 
24  17 6 3 1224979098644774912 529 614 540 3 1224979098644774912 2 2 2147484208 3 1224979098644774912 8 0 2147484208 3 1224979098644774912 10 1 2147484188 3 1224979098644774912 1 16 2173 2 1224979098644774913 1224979098644774912 4 0 542 3 1224979098644774913 21 0 1 3 117 1224979098644774913 1224979098644774912 2133 2 1224979098644774914 72057594037927936 1 3 431 1224979098644774912 1224979098644774914 1660 2 144115188075856378 1224979098644774914 5 0 2147484190 3 1224979098644774913 21 0 500 3 1224979098644774912 38 1 3 0 3 0 
8  47 11 1 1224979098644774912 541 3 1224979098644774912 0 11 131 1 1224979098644774912 2204 2 1224979098644774913 1224979098644774912 522 3 1224979098644774914 1224979098644774913 82 4 0 2147483680 2 1224979098644774914 0 1232 1 1224979098644774912 5 0 2136 3 1224979098644774915 0 100 2147483678 2 1224979098644774915 35 1665 2 1224979098644774916 1224979098644774912 2133 2 1224979098644774917 1 4 0 33 3 1224979098644774916 18 96 2147484189 3 1224979098644774916 54 -1 2133 2 1224979098644774917 0 3 0 31 2 1224979098644774917 1 2133 2 1224979098644774918 0 4 0 521 3 1224979098644774919 1224979098644774912 4 31 2 1224979098644774919 13 521 3 1224979098644774920 1224979098644774912 5 31 2 1224979098644774916 1224979098644774920 2133 2 1224979098644774918 1 3 0 2133 2 1224979098644774921 -1 4 0 1 3 120 1224979098644774916 1224979098644774913 2133 2 1224979098644774921 72057594037927936 31 2 1224979098644774921 -1 1232 1 1224979098644774912 3 0 33 3 1224979098644774921 18 96 2147483778 2 1224979098644774912 1224979098644774921 4 0 31 2 1224979098644774918 1 1 3 78 1224979098644774912 1224979098644774916 3 0 1640 2 1224979098644774912 1 1641 2 1224979098644774912 1224979098644774921 1603 3 1224979098644774912 65536 0 501 3 1224979098644774912 4 13 501 3 1224979098644774912 5 1224979098644774921 3 0 3 0 
0.5  49 6 3 1224979098644774912 529 614 540 3 1224979098644774912 2 2 520 3 1224979098644774913 1224979098644774912 10 32 2 1224979098644774913 0 4 0 132 1 1224979098644774913 4 0 2293 2 1224979098644774914 1224979098644774913 31 2 1224979098644774914 5 2204 2 1224979098644774915 1224979098644774913 521 3 1224979098644774916 1224979098644774913 30 522 3 1224979098644774917 1224979098644774915 7 2147483679 2 1224979098644774917 1224979098644774912 2133 2 1224979098644774918 1 4 0 30 2 1224979098644774917 0 520 3 1224979098644774919 1224979098644774917 10 30 2 1224979098644774919 0 31 2 1224979098644774916 1224979098644774919 2133 2 1224979098644774918 0 3 0 4 0 2270 1 1224979098644774920 561 3 1224979098644774913 32 1224979098644774920 2133 2 1224979098644774918 0 3 0 31 2 1224979098644774918 1 2133 2 1224979098644774921 0 6 3 1224979098644774922 18 96 132 1 1224979098644774922 541 3 1224979098644774922 260 0 31 2 1224979098644774921 0 541 3 1224979098644774922 54 -1 2204 2 1224979098644774923 1224979098644774922 2190 3 1224979098644774924 1224979098644774923 1224979098644774915 32 2 1224979098644774924 0 2281 3 1224979098644774925 1224979098644774913 1224979098644774922 2147483678 2 1224979098644774925 20 1625 2 1 1224979098644774913 1625 2 2 1224979098644774922 2147484362 2 2 1 1 4 417 1224979098644774913 14 1224979098644774922 2133 2 1224979098644774921 1 3 0 3 0 5 0 500 3 1224979098644774912 10 -1 3 0 3 0 
0.5  46 2270 1 1224979098644774912 2119 3 1224979098644774913 1224979098644774912 11 2121 3 1224979098644774914 1224979098644774912 5 1601 2 1224979098644774915 0 1602 2 1224979098644774916 0 2105 2 1224979098644774915 1224979098644774916 2130 1 1224979098644774915 2125 2 1224979098644774917 1224979098644774915 2131 1 1224979098644774917 4 0 31 2 1224979098644774913 0 6 3 1224979098644774918 3 21 522 3 1224979098644774919 1224979098644774918 30 2106 2 1224979098644774919 1 2111 2 1224979098644774919 0 502 3 1224979098644774918 30 1224979098644774919 3 0 3 0 31 2 144115188075855996 0 6 3 1224979098644774920 18 96 132 1 1224979098644774920 541 3 1224979098644774920 260 0 2204 2 1224979098644774918 1224979098644774920 2190 3 1224979098644774921 1224979098644774918 22 2147483678 2 1224979098644774921 0 2281 3 1224979098644774922 0 1224979098644774920 2147483678 2 1224979098644774922 5 2122 3 1224979098644774923 1224979098644774922 1224979098644774922 2121 3 1224979098644774924 20 1224979098644774923 2121 3 1224979098644774925 20 1224979098644774921 2122 3 1224979098644774926 1224979098644774924 1224979098644774925 2107 2 1224979098644774926 1224979098644774917 2123 3 1224979098644774927 1224979098644774926 10 2136 3 1224979098644774928 0 1000 2147483678 2 1224979098644774928 1224979098644774927 522 3 1224979098644774919 1224979098644774918 30 2105 2 1224979098644774919 1 2110 2 1224979098644774919 100 502 3 1224979098644774918 30 1224979098644774919 4 0 2147484209 3 1224979098644774920 42 1224979098644774914 2342 2 1 1224979098644774920 1106 1 1585267068834415540 501 3 1224979098644774920 42 1224979098644774912 3 0 3 0 
5  4 1 2 110 0 2133 2 1224979098644774912 72057594037927936 32 2 1224979098644774912 0 1 2 248 1224979098644774912 
14  55 31 2 144115188075855996 0 1650 2 1224979098644774912 0 2133 2 1224979098644774913 0 2133 2 1224979098644774914 0 6 3 1224979098644774915 0 1224979098644774912 1653 3 1224979098644774916 0 1224979098644774915 2105 2 1224979098644774913 1224979098644774916 1652 3 72057594037927937 0 1224979098644774915 1506 2 72057594037927937 72057594037927937 4 0 1073741855 2 72057594037927937 5 1073741855 2 72057594037927937 7 31 2 72057594037927937 6 2105 2 1224979098644774914 1224979098644774916 3 0 31 2 72057594037927937 5 2105 2 1224979098644774913 1224979098644774916 3 0 2108 2 1224979098644774913 3 4 0 31 2 1224979098644774913 0 2105 2 1224979098644774913 1 3 0 2133 2 1224979098644774917 1224979098644774913 2133 2 1224979098644774918 0 6 3 1224979098644774919 0 1224979098644774917 2133 2 1224979098644774920 0 6 3 1224979098644774921 7 14 507 3 1224979098644774921 0 0 1 3 168 1224979098644774921 41 4 0 31 2 1224979098644774921 7 32 2 1224979098644774914 0 2105 2 1224979098644774920 1 5 0 2147483679 2 1224979098644774921 7 2105 2 1224979098644774920 1 3 0 3 0 4 0 32 2 1224979098644774920 0 2136 3 1224979098644774922 0 1224979098644774920 1 2 247 1224979098644774922 5 0 31 2 1224979098644774918 0 1106 2 1585267068834415541 16711680 1 2 167 -3 2133 2 1224979098644774918 1 4 0 1 2 106 0 32 2 72057594037927936 0 1 3 288 2 216172782113784368 3 0 3 0 3 0 
24  15 1540 2 1224979098644774912 0 6 3 1224979098644774913 0 1224979098644774912 1541 3 1224979098644774914 0 1224979098644774913 31 2 1224979098644774914 13 1542 3 1224979098644774915 0 1224979098644774913 4 0 30 2 1224979098644774915 37 2147483678 2 1224979098644774915 41 2105 2 1224979098644774915 1 1544 3 0 1224979098644774913 1224979098644774915 5 0 2147483678 2 1224979098644774915 37 1544 3 0 1224979098644774913 37 3 0 3 0 
0  64 1541 3 1224979098644774912 0 8 4 0 1541 3 72057594037927941 0 0 2111 2 72057594037927941 0 1570 2 72057594037927941 72057594037927941 2133 2 1224979098644774913 0 2147483681 3 72057594037927941 2 5 2133 2 1224979098644774913 1 2147483681 3 72057594037927941 8 10 1541 3 72057594037927941 0 1 2111 2 72057594037927941 0 1570 2 72057594037927941 72057594037927941 2133 2 1224979098644774913 0 2147483681 3 72057594037927941 2 5 2133 2 1224979098644774913 1 2147483681 3 72057594037927941 8 10 1541 3 72057594037927941 0 2 2111 2 72057594037927941 0 1570 2 72057594037927941 72057594037927941 2133 2 1224979098644774913 0 2147483681 3 72057594037927941 2 5 2133 2 1224979098644774913 1 2147483681 3 72057594037927941 8 10 1541 3 72057594037927941 0 3 2111 2 72057594037927941 0 1570 2 72057594037927941 72057594037927941 2133 2 1224979098644774913 0 2147483681 3 72057594037927941 2 5 2133 2 1224979098644774913 1 2147483681 3 72057594037927941 8 10 2133 2 1224979098644774913 0 3 0 2133 2 1224979098644774914 -1 4 0 31 2 144115188075855976 0 4 0 30 2 1224979098644774912 0 2133 2 1224979098644774914 144115188075856277 5 0 4 0 30 2 1224979098644774913 1 2133 2 1224979098644774914 144115188075856279 5 0 2133 2 1224979098644774914 144115188075856278 3 0 3 0 5 0 31 2 144115188075855976 1 2133 2 1224979098644774914 136 5 0 31 2 144115188075855976 2 2133 2 1224979098644774914 137 3 0 2147483679 2 1224979098644774914 144115188075856283 2133 2 144115188075856283 1224979098644774914 1676 2 0 1224979098644774914 4 0 31 2 144115188075856574 1 2133 2 144115188075856574 0 4 0 31 2 144115188075855982 1 1106 1 1585267068834415542 3 0 3 0 
2  14 2149 2 1224979098644774912 0 2123 3 1224979098644774913 1224979098644774912 100 1540 2 1224979098644774914 0 6 3 1224979098644774915 0 1224979098644774914 1541 3 1224979098644774916 0 1224979098644774915 30 2 1224979098644774916 0 4 0 33 3 1224979098644774916 7 16 2230 2 1224979098644774917 1224979098644774916 2105 2 1224979098644774912 1224979098644774917 3 0 3 0 2112 3 1224979098644774913 0 100 1645 2 0 1224979098644774913 
36  15 6 3 1224979098644774912 18 96 132 1 1224979098644774912 541 3 1224979098644774912 260 0 1073742365 3 1224979098644774912 0 3 541 3 1224979098644774912 0 4 1 3 224 1224979098644774912 1 1 3 224 1224979098644774912 2 2136 3 1224979098644774913 0 100 4 0 2147483678 2 1224979098644774913 70 2147484209 3 1224979098644774912 50 60 1 2 223 1224979098644774912 1 4 222 1224979098644774912 72057594037927936 1 3 0 3 0 
1  19 2147483685 0 2273 0 30 2 144115188075856052 0 2147484189 3 144115188075856052 7 0 2270 1 1224979098644774912 30 2 1224979098644774912 144115188075856053 2120 3 144115188075856053 1224979098644774912 24 2149 2 1224979098644774913 0 1601 2 1224979098644774914 0 2123 3 1224979098644774915 1224979098644774914 4 2105 2 1224979098644774915 1 4 0 30 2 1224979098644774913 1224979098644774915 1106 1 1585267068834415543 1529 2 0 1224979098644774915 5 0 32 2 1224979098644774913 0 1529 2 0 1224979098644774913 3 0 
24  1 1 1 275 
24  1 1 1 73 
12  18 11 1 1224979098644774912 541 3 1224979098644774912 0 17 2281 3 1224979098644774913 1224979098644774912 0 4 0 32 2 1224979098644774913 30 1232 1 1224979098644774912 4 0 200 1 28 2147483852 1 28 546 3 28 8 1224979098644774912 1 2 258 28 3 0 5 0 32 2 1224979098644774913 10 501 3 1224979098644774912 7 0 1640 2 1224979098644774912 0 3 0 3 0 
2  10 200 1 11 2147483852 1 11 2281 3 72057594037927946 57 0 2147483678 2 72057594037927946 20 2310 2 1224979098644774912 9 2107 2 1224979098644774912 85 2136 3 1224979098644774913 0 100 30 2 1224979098644774913 1224979098644774912 1103 1 1 1100 2 57 9 
5  8 200 1 12 2147483852 1 12 526 3 1224979098644774912 12 8 2147483780 1 1224979098644774912 526 3 1224979098644774913 12 7 2330 2 2 1224979098644774913 1106 1 1585267068834415544 1 2 261 12 
24  103 6 3 1224979098644774912 0 42 4 0 200 1 1224979098644774912 4 0 526 3 1224979098644774913 1224979098644774912 6 4 0 32 2 1224979098644774913 0 540 3 1224979098644774913 1 16 2322 2 1 1224979098644774913 1106 2 1585267068834415545 16732240 1 3 198 1224979098644774912 1 3 0 4 0 200 1 1224979098644774912 526 3 1224979098644774913 1224979098644774912 6 32 2 1224979098644774913 0 2173 2 1224979098644774914 1224979098644774913 542 3 1224979098644774914 21 1 2335 2 1 1224979098644774914 1106 2 1585267068834415546 16732240 4 0 31 2 1224979098644774912 13 1230 1 194 3 0 1 3 198 1224979098644774912 1 3 0 3 0 4 0 2147483852 1 1224979098644774912 566 3 1224979098644774912 23 1 526 3 1224979098644774915 1224979098644774912 23 2106 2 1224979098644774915 1 4 0 31 2 1224979098644774915 0 4 0 31 2 1224979098644774912 13 1230 1 194 1 2 258 1224979098644774912 5 0 31 2 1224979098644774912 15 1232 1 144115188075856558 1 2 258 1224979098644774912 5 0 31 2 1224979098644774912 16 1232 1 144115188075856559 1 2 258 1224979098644774912 5 0 31 2 1224979098644774912 17 2319 1 10 2319 1 14 2319 1 11 2319 1 13 2320 2 10 1585267068834415547 2320 2 14 1585267068834415548 526 3 1224979098644774916 17 3 522 3 1224979098644774917 1224979098644774916 153 2335 2 11 1224979098644774916 2171 2 1224979098644774918 0 4 0 33 3 1224979098644774918 11 17 2107 2 1224979098644774918 5 2105 2 1224979098644774918 70 2105 2 1224979098644774917 1224979098644774918 1106 2 1585267068834415549 16732240 526 3 1224979098644774919 17 6 522 3 1224979098644774920 1224979098644774919 153 2335 2 13 1224979098644774919 2105 2 1224979098644774918 150 2106 2 1224979098644774920 1224979098644774918 1106 2 1585267068834415550 16732240 5 0 33 3 1224979098644774918 17 23 2107 2 1224979098644774918 10 2105 2 1224979098644774918 100 2105 2 1224979098644774917 1224979098644774918 1106 2 1585267068834415549 16732240 526 3 1224979098644774919 17 6 522 3 1224979098644774920 1224979098644774919 153 2335 2 13 1224979098644774919 2105 2 1224979098644774918 150 2106 2 1224979098644774920 1224979098644774918 1106 2 1585267068834415550 16732240 3 0 502 3 1224979098644774919 153 1224979098644774920 502 3 1224979098644774916 153 1224979098644774917 1284 1 17 1232 1 144115188075856561 5 0 1 3 198 1224979098644774912 1 3 0 5 0 506 3 1224979098644774912 23 1224979098644774915 2133 2 72057594037927936 1224979098644774915 1113 4 1224979098644774912 7 1585267068834414942 0 3 0 3 0 5 0 566 3 1224979098644774912 25 1 526 3 1224979098644774921 1224979098644774912 25 2106 2 1224979098644774921 1 506 3 1224979098644774912 25 1224979098644774921 3 0 3 0 
12  47 33 3 144115188075855993 3 21 31 2 144115188075855996 0 2147484190 3 144115188075855993 4 0 2147483848 1 24 2147483848 1 23 2147484214 3 24 25 1 522 3 1224979098644774912 144115188075855993 7 32 2 1224979098644774912 0 520 3 1224979098644774913 1224979098644774912 10 32 2 1224979098644774913 0 2133 2 1224979098644774914 1 6 3 1224979098644774915 0 23 200 1 1224979098644774915 546 3 1224979098644774915 6 1224979098644774912 2133 2 1224979098644774914 0 3 0 31 2 1224979098644774914 1 6 3 1224979098644774915 25 28 200 1 1224979098644774915 2133 2 1224979098644774914 0 3 0 31 2 1224979098644774914 1 2171 2 1224979098644774916 0 30 2 1224979098644774916 8 2133 2 1224979098644774917 2 6 3 1224979098644774918 18 96 132 1 1224979098644774918 541 3 1224979098644774918 260 0 541 3 1224979098644774918 7 0 4 0 541 3 1224979098644774918 0 3 2105 2 1224979098644774917 3 5 0 541 3 1224979098644774918 0 2 2105 2 1224979098644774917 1 5 0 2105 2 1224979098644774917 1 3 0 3 0 2107 2 1224979098644774917 4 2110 2 1224979098644774917 60 506 3 24 6 1224979098644774912 506 3 24 2 1224979098644774912 506 3 24 10 1224979098644774917 506 3 24 23 4 506 3 24 24 28 2060 1 83 
3  130 2133 2 144115188075856493 -1 200 2 23 1 33 3 144115188075855993 3 21 2147484190 3 144115188075855993 4 0 522 3 1224979098644774912 144115188075855993 7 2147483679 2 1224979098644774912 0 32 2 1224979098644774912 0 520 3 1224979098644774913 1224979098644774912 10 32 2 1224979098644774913 0 2281 3 1224979098644774914 1224979098644774913 0 4 0 2147483678 2 1224979098644774914 15 2133 2 144115188075856494 0 2270 1 1224979098644774915 522 3 1224979098644774916 144115188075855993 6 2121 3 1224979098644774917 1224979098644774915 1224979098644774916 2133 2 1224979098644774918 -1 4 0 2136 3 1224979098644774919 0 100 2147483678 2 1224979098644774919 30 540 3 1224979098644774912 20 0 6 3 1224979098644774920 0 20 31 2 1224979098644774918 -1 2136 3 1224979098644774921 25 28 2147484214 3 1224979098644774921 25 1 4 0 31 2 1224979098644774921 25 4 0 542 3 144115188075855993 4 2 32 2 1224979098644774917 120 2136 3 1224979098644774922 5 10 2133 2 1224979098644774918 1224979098644774921 2136 3 1224979098644774923 11 14 506 3 1224979098644774918 14 1224979098644774923 506 3 1224979098644774918 10 1224979098644774922 506 3 1224979098644774918 23 10 506 3 1224979098644774918 24 30 3 0 5 0 31 2 1224979098644774921 26 4 0 542 3 144115188075855993 4 2 522 3 1224979098644774924 144115188075855993 5 33 3 1224979098644774924 18 96 1680 2 1224979098644774925 1224979098644774913 31 2 1224979098644774925 1224979098644774924 2133 2 1224979098644774918 1224979098644774921 506 3 1224979098644774918 1 1224979098644774924 506 3 1224979098644774918 23 2 506 3 1224979098644774918 24 15 3 0 5 0 31 2 1224979098644774921 27 4 0 2133 2 1224979098644774926 100 2133 2 144115188075856495 -1 2133 2 144115188075856496 -1 2133 2 144115188075856497 -1 2133 2 1224979098644774927 0 6 3 1224979098644774920 0 1224979098644774926 4 0 2147483678 2 144115188075856495 0 1 3 123 1224979098644774913 50 2133 2 144115188075856495 72057594037927936 3 0 4 0 2147483678 2 144115188075856496 0 1 3 123 1224979098644774913 50 2147483679 2 144115188075856495 72057594037927936 2133 2 144115188075856496 72057594037927936 3 0 4 0 2147483678 2 144115188075856497 0 1 3 123 1224979098644774913 50 2147483679 2 144115188075856495 72057594037927936 2147483679 2 144115188075856496 72057594037927936 2133 2 144115188075856497 72057594037927936 3 0 2147483679 2 144115188075856495 144115188075856496 2147483679 2 144115188075856495 144115188075856496 2147483679 2 144115188075856496 144115188075856497 30 2 144115188075856495 0 30 2 144115188075856496 0 30 2 144115188075856497 0 2133 2 1224979098644774926 0 2133 2 1224979098644774927 1 3 0 31 2 1224979098644774927 1 2133 2 144115188075856498 0 2133 2 144115188075856499 0 2133 2 144115188075856500 0 2133 2 1224979098644774918 1224979098644774921 506 3 1224979098644774918 23 7 506 3 1224979098644774918 24 25 3 0 3 0 3 0 4 0 2147483679 2 1224979098644774918 -1 506 3 1224979098644774918 11 0 506 3 1224979098644774918 6 1224979098644774912 4 0 31 2 1224979098644774918 26 2060 1 85 5 0 2133 2 144115188075856493 1224979098644774918 506 3 144115188075856493 6 1224979098644774912 2060 1 84 3 0 3 0 3 0 5 0 2105 2 144115188075856494 1 4 0 2147483678 2 144115188075856494 12 4 0 2119 3 1224979098644774928 144115188075856494 4 31 2 1224979098644774928 0 2341 2 1 1224979098644774912 4 0 2147483678 2 144115188075856494 8 1106 1 1585267068834415551 5 0 1106 1 1585267068834415552 3 0 3 0 5 0 2060 1 86 3 0 3 0 
0.5  50 4 0 200 1 28 2147483852 1 28 526 3 1224979098644774912 28 8 526 3 1224979098644774913 28 1 4 0 2147483780 1 1224979098644774912 1 2 258 28 5 0 2281 3 1224979098644774914 1224979098644774912 1224979098644774913 2147483678 2 1224979098644774914 3 1232 1 1224979098644774912 1 2 257 28 3 0 3 0 4 0 200 1 21 526 3 1224979098644774915 21 9 526 3 1224979098644774916 21 3 4 0 2147484190 3 1224979098644774916 21 0 1 2 260 21 5 0 546 3 21 2 1224979098644774915 526 3 1224979098644774917 21 11 2120 3 1224979098644774918 1224979098644774917 1 4 0 546 3 21 2 1224979098644774915 1103 1 1 1100 2 0 1224979098644774915 2133 2 1224979098644774919 72057594037927936 2330 2 1 1224979098644774919 1232 1 1224979098644774919 3 0 506 3 21 2 0 506 3 21 11 1224979098644774918 2133 2 72057594037927937 1224979098644774918 526 3 1224979098644774920 21 10 2133 2 72057594037927938 1224979098644774920 2105 2 1224979098644774920 1 2112 3 1224979098644774918 0 1224979098644774920 4 0 31 2 144115188075855982 1 2133 2 72057594037927936 1224979098644774917 1106 1 1585267068834415553 3 0 2320 2 2 1585267068834415554 1113 4 21 3 2 0 3 0 3 0 
2  13 6 3 1224979098644774912 529 614 520 3 1224979098644774913 1224979098644774912 10 30 2 1224979098644774913 1 132 1 1224979098644774913 541 3 1224979098644774913 31 1 2270 1 1224979098644774914 2147484209 3 1224979098644774913 32 1224979098644774914 501 3 1224979098644774913 30 -1 501 3 1224979098644774913 31 0 2133 2 1224979098644774915 48 2120 3 1224979098644774916 1224979098644774914 1224979098644774915 501 3 1224979098644774913 33 1224979098644774916 3 0 
1  49 4 0 200 1 27 2147483850 1 27 4 0 31 2 144115188075856498 0 2281 3 1224979098644774912 144115188075856495 0 2147483680 2 1224979098644774912 3 2133 2 144115188075856498 1 2342 2 1 144115188075856495 1106 1 1585267068834415555 3 0 4 0 31 2 144115188075856499 0 2281 3 1224979098644774912 144115188075856496 0 2147483680 2 1224979098644774912 3 2133 2 144115188075856499 1 2342 2 1 144115188075856496 1106 1 1585267068834415555 3 0 4 0 31 2 144115188075856500 0 2281 3 1224979098644774912 144115188075856497 0 2147483680 2 1224979098644774912 3 2133 2 144115188075856500 1 2342 2 1 144115188075856497 1106 1 1585267068834415555 3 0 31 2 144115188075856498 1 31 2 144115188075856499 1 31 2 144115188075856500 1 1 2 257 27 3 0 4 0 200 1 19 2147483850 1 19 526 3 1224979098644774913 19 1 526 3 1224979098644774914 19 2 4 0 31 2 1224979098644774914 0 2281 3 1224979098644774912 1224979098644774913 0 2147483680 2 1224979098644774912 3 2133 2 1224979098644774914 1 2342 2 1 1224979098644774913 1106 1 1585267068834415555 3 0 31 2 1224979098644774914 1 506 3 19 2 1224979098644774914 1 2 257 19 3 0 
1  65 2133 2 144115188075856349 0 4 0 32 2 144115188075856501 0 4 0 110 1 144115188075856501 2147483679 2 144115188075855996 1 1025 1 144115188075856501 5 0 2133 2 144115188075856501 0 3 0 5 0 32 2 144115188075855909 0 31 2 144115188075856285 0 4 0 110 1 144115188075855909 2147483679 2 144115188075855996 1 2133 2 144115188075856349 60 1025 1 144115188075855909 5 0 2133 2 144115188075855909 0 3 0 5 0 32 2 144115188075855880 0 31 2 144115188075856285 0 520 3 1224979098644774912 144115188075855880 67 4 0 110 1 144115188075855880 110 1 1224979098644774912 2147483679 2 144115188075855996 1 2133 2 144115188075856349 68 1025 1 144115188075855880 5 0 2133 2 144115188075855880 0 3 0 5 0 31 2 144115188075855912 0 6 3 1224979098644774913 512 529 31 2 144115188075856349 0 110 1 1224979098644774913 540 3 1224979098644774913 74 0 520 3 1224979098644774914 1224979098644774913 59 32 2 1224979098644774914 0 2281 3 1224979098644774915 1224979098644774914 0 2147483678 2 1224979098644774915 7 2133 2 144115188075856349 59 1025 1 1224979098644774913 3 0 2147483679 2 144115188075856349 0 5 0 6 3 1224979098644774913 512 529 31 2 144115188075856349 0 110 1 1224979098644774913 2173 2 1224979098644774916 1224979098644774913 542 3 1224979098644774916 21 0 522 3 1224979098644774917 1224979098644774916 150 2147483678 2 1224979098644774917 1000 520 3 1224979098644774918 1224979098644774913 75 2270 1 1224979098644774919 2105 2 1224979098644774918 168 32 2 1224979098644774919 1224979098644774918 500 3 1224979098644774913 75 1224979098644774919 2133 2 144115188075856349 75 1025 1 1224979098644774913 3 0 3 0 
1  928 1073744097 0 31 2 144115188075856286 0 3221227745 0 31 2 144115188075856286 1 4 0 2147485921 0 2133 2 144115188075856286 1 600 1 46 6 3 1224979098644774912 0 869 1506 2 1224979098644774913 1224979098644774912 4 0 31 2 1224979098644774913 0 520 3 1224979098644774914 1224979098644774912 41 4 0 1507 1 1224979098644774912 2147483678 2 1224979098644774914 0 2176 3 1224979098644774915 1224979098644774912 3 2107 2 1224979098644774915 30 2108 2 1224979098644774915 100 500 3 1224979098644774912 41 1224979098644774915 2133 2 1224979098644774914 1224979098644774915 3 0 1523 3 1224979098644774912 3 1224979098644774914 4 0 1507 1 1224979098644774912 32 2 1224979098644774914 0 2176 3 1224979098644774915 1224979098644774912 3 2107 2 1224979098644774915 30 2108 2 1224979098644774915 100 500 3 1224979098644774912 41 1224979098644774915 3 0 520 3 1224979098644774914 1224979098644774912 42 4 0 1507 1 1224979098644774912 2147483678 2 1224979098644774914 0 2176 3 1224979098644774915 1224979098644774912 5 2107 2 1224979098644774915 30 2108 2 1224979098644774915 100 500 3 1224979098644774912 42 1224979098644774915 2133 2 1224979098644774914 1224979098644774915 3 0 1523 3 1224979098644774912 5 1224979098644774914 4 0 1507 1 1224979098644774912 32 2 1224979098644774914 0 2176 3 1224979098644774915 1224979098644774912 5 2107 2 1224979098644774915 30 2108 2 1224979098644774915 100 500 3 1224979098644774912 42 1224979098644774915 3 0 5 0 31 2 1224979098644774913 1 520 3 1224979098644774914 1224979098644774912 41 4 0 1507 1 1224979098644774912 2147483678 2 1224979098644774914 0 2176 3 1224979098644774915 1224979098644774912 3 2107 2 1224979098644774915 30 2108 2 1224979098644774915 100 500 3 1224979098644774912 41 1224979098644774915 2133 2 1224979098644774914 1224979098644774915 3 0 1523 3 1224979098644774912 3 1224979098644774914 4 0 1507 1 1224979098644774912 32 2 1224979098644774914 0 2176 3 1224979098644774915 1224979098644774912 3 2107 2 1224979098644774915 30 2108 2 1224979098644774915 100 500 3 1224979098644774912 41 1224979098644774915 3 0 520 3 1224979098644774914 1224979098644774912 42 4 0 1507 1 1224979098644774912 2147483678 2 1224979098644774914 0 2176 3 1224979098644774915 1224979098644774912 5 2107 2 1224979098644774915 30 2108 2 1224979098644774915 100 500 3 1224979098644774912 42 1224979098644774915 2133 2 1224979098644774914 1224979098644774915 3 0 1523 3 1224979098644774912 5 1224979098644774914 4 0 1507 1 1224979098644774912 32 2 1224979098644774914 0 2176 3 1224979098644774915 1224979098644774912 5 2107 2 1224979098644774915 30 2108 2 1224979098644774915 100 500 3 1224979098644774912 42 1224979098644774915 3 0 5 0 31 2 1224979098644774913 2 520 3 1224979098644774914 1224979098644774912 41 4 0 1507 1 1224979098644774912 2147483678 2 1224979098644774914 0 2176 3 1224979098644774915 1224979098644774912 3 2107 2 1224979098644774915 30 2108 2 1224979098644774915 100 500 3 1224979098644774912 41 1224979098644774915 2133 2 1224979098644774914 1224979098644774915 3 0 1523 3 1224979098644774912 3 1224979098644774914 4 0 1507 1 1224979098644774912 32 2 1224979098644774914 0 2176 3 1224979098644774915 1224979098644774912 3 2107 2 1224979098644774915 30 2108 2 1224979098644774915 100 500 3 1224979098644774912 41 1224979098644774915 3 0 520 3 1224979098644774914 1224979098644774912 42 4 0 1507 1 1224979098644774912 2147483678 2 1224979098644774914 0 2176 3 1224979098644774915 1224979098644774912 5 2107 2 1224979098644774915 30 2108 2 1224979098644774915 100 500 3 1224979098644774912 42 1224979098644774915 2133 2 1224979098644774914 1224979098644774915 3 0 1523 3 1224979098644774912 5 1224979098644774914 4 0 1507 1 1224979098644774912 32 2 1224979098644774914 0 2176 3 1224979098644774915 1224979098644774912 5 2107 2 1224979098644774915 30 2108 2 1224979098644774915 100 500 3 1224979098644774912 42 1224979098644774915 3 0 5 0 31 2 1224979098644774913 3 520 3 1224979098644774914 1224979098644774912 41 4 0 1507 1 1224979098644774912 2147483678 2 1224979098644774914 0 2176 3 1224979098644774915 1224979098644774912 3 2107 2 1224979098644774915 30 2108 2 1224979098644774915 100 500 3 1224979098644774912 41 1224979098644774915 2133 2 1224979098644774914 1224979098644774915 3 0 1523 3 1224979098644774912 3 1224979098644774914 4 0 1507 1 1224979098644774912 32 2 1224979098644774914 0 2176 3 1224979098644774915 1224979098644774912 3 2107 2 1224979098644774915 30 2108 2 1224979098644774915 100 500 3 1224979098644774912 41 1224979098644774915 3 0 520 3 1224979098644774914 1224979098644774912 42 4 0 1507 1 1224979098644774912 2147483678 2 1224979098644774914 0 2176 3 1224979098644774915 1224979098644774912 5 2107 2 1224979098644774915 30 2108 2 1224979098644774915 100 500 3 1224979098644774912 42 1224979098644774915 2133 2 1224979098644774914 1224979098644774915 3 0 1523 3 1224979098644774912 5 1224979098644774914 4 0 1507 1 1224979098644774912 32 2 1224979098644774914 0 2176 3 1224979098644774915 1224979098644774912 5 2107 2 1224979098644774915 30 2108 2 1224979098644774915 100 500 3 1224979098644774912 42 1224979098644774915 3 0 5 0 31 2 1224979098644774913 4 520 3 1224979098644774914 1224979098644774912 41 4 0 1507 1 1224979098644774912 2147483678 2 1224979098644774914 0 2176 3 1224979098644774915 1224979098644774912 3 2107 2 1224979098644774915 30 2108 2 1224979098644774915 100 500 3 1224979098644774912 41 1224979098644774915 2133 2 1224979098644774914 1224979098644774915 3 0 1523 3 1224979098644774912 3 1224979098644774914 4 0 1507 1 1224979098644774912 32 2 1224979098644774914 0 2176 3 1224979098644774915 1224979098644774912 3 2107 2 1224979098644774915 30 2108 2 1224979098644774915 100 500 3 1224979098644774912 41 1224979098644774915 3 0 520 3 1224979098644774914 1224979098644774912 42 4 0 1507 1 1224979098644774912 2147483678 2 1224979098644774914 0 2176 3 1224979098644774915 1224979098644774912 5 2107 2 1224979098644774915 30 2108 2 1224979098644774915 100 500 3 1224979098644774912 42 1224979098644774915 2133 2 1224979098644774914 1224979098644774915 3 0 1523 3 1224979098644774912 5 1224979098644774914 4 0 1507 1 1224979098644774912 32 2 1224979098644774914 0 2176 3 1224979098644774915 1224979098644774912 5 2107 2 1224979098644774915 30 2108 2 1224979098644774915 100 500 3 1224979098644774912 42 1224979098644774915 3 0 5 0 31 2 1224979098644774913 5 1521 3 1224979098644774912 25 -3 1521 3 1224979098644774912 13 -1 1521 3 1224979098644774912 14 -1 520 3 1224979098644774914 1224979098644774912 41 4 0 1507 1 1224979098644774912 2147483678 2 1224979098644774914 0 2176 3 1224979098644774915 1224979098644774912 0 2107 2 1224979098644774915 -20 2108 2 1224979098644774915 100 500 3 1224979098644774912 41 1224979098644774915 2133 2 1224979098644774914 1224979098644774915 3 0 1523 3 1224979098644774912 0 1224979098644774914 4 0 1507 1 1224979098644774912 32 2 1224979098644774914 0 2176 3 1224979098644774915 1224979098644774912 0 2107 2 1224979098644774915 -20 2108 2 1224979098644774915 100 500 3 1224979098644774912 41 1224979098644774915 3 0 520 3 1224979098644774914 1224979098644774912 42 4 0 1507 1 1224979098644774912 2147483678 2 1224979098644774914 0 2176 3 1224979098644774915 1224979098644774912 1 2107 2 1224979098644774915 -20 2108 2 1224979098644774915 100 500 3 1224979098644774912 42 1224979098644774915 2133 2 1224979098644774914 1224979098644774915 3 0 1523 3 1224979098644774912 1 1224979098644774914 4 0 1507 1 1224979098644774912 32 2 1224979098644774914 0 2176 3 1224979098644774915 1224979098644774912 1 2107 2 1224979098644774915 -20 2108 2 1224979098644774915 100 500 3 1224979098644774912 42 1224979098644774915 3 0 520 3 1224979098644774914 1224979098644774912 43 4 0 1507 1 1224979098644774912 2147483678 2 1224979098644774914 0 2176 3 1224979098644774915 1224979098644774912 2 2107 2 1224979098644774915 -20 2108 2 1224979098644774915 100 500 3 1224979098644774912 43 1224979098644774915 2133 2 1224979098644774914 1224979098644774915 3 0 1523 3 1224979098644774912 2 1224979098644774914 4 0 1507 1 1224979098644774912 32 2 1224979098644774914 0 2176 3 1224979098644774915 1224979098644774912 2 2107 2 1224979098644774915 -20 2108 2 1224979098644774915 100 500 3 1224979098644774912 43 1224979098644774915 3 0 520 3 1224979098644774914 1224979098644774912 44 4 0 1507 1 1224979098644774912 2147483678 2 1224979098644774914 0 2176 3 1224979098644774915 1224979098644774912 3 2107 2 1224979098644774915 -50 2108 2 1224979098644774915 100 500 3 1224979098644774912 44 1224979098644774915 2133 2 1224979098644774914 1224979098644774915 3 0 1523 3 1224979098644774912 3 1224979098644774914 4 0 1507 1 1224979098644774912 32 2 1224979098644774914 0 2176 3 1224979098644774915 1224979098644774912 3 2107 2 1224979098644774915 -50 2108 2 1224979098644774915 100 500 3 1224979098644774912 44 1224979098644774915 3 0 520 3 1224979098644774914 1224979098644774912 45 4 0 1507 1 1224979098644774912 2147483678 2 1224979098644774914 0 2176 3 1224979098644774915 1224979098644774912 5 2107 2 1224979098644774915 -20 2108 2 1224979098644774915 100 500 3 1224979098644774912 45 1224979098644774915 2133 2 1224979098644774914 1224979098644774915 3 0 1523 3 1224979098644774912 5 1224979098644774914 4 0 1507 1 1224979098644774912 32 2 1224979098644774914 0 2176 3 1224979098644774915 1224979098644774912 5 2107 2 1224979098644774915 -20 2108 2 1224979098644774915 100 500 3 1224979098644774912 45 1224979098644774915 3 0 5 0 31 2 1224979098644774913 7 1521 3 1224979098644774912 25 -3 1521 3 1224979098644774912 13 -1 1521 3 1224979098644774912 14 -1 520 3 1224979098644774914 1224979098644774912 41 4 0 1507 1 1224979098644774912 2147483678 2 1224979098644774914 0 2176 3 1224979098644774915 1224979098644774912 0 2107 2 1224979098644774915 -20 2108 2 1224979098644774915 100 500 3 1224979098644774912 41 1224979098644774915 2133 2 1224979098644774914 1224979098644774915 3 0 1523 3 1224979098644774912 0 1224979098644774914 4 0 1507 1 1224979098644774912 32 2 1224979098644774914 0 2176 3 1224979098644774915 1224979098644774912 0 2107 2 1224979098644774915 -20 2108 2 1224979098644774915 100 500 3 1224979098644774912 41 1224979098644774915 3 0 520 3 1224979098644774914 1224979098644774912 42 4 0 1507 1 1224979098644774912 2147483678 2 1224979098644774914 0 2176 3 1224979098644774915 1224979098644774912 1 2107 2 1224979098644774915 -20 2108 2 1224979098644774915 100 500 3 1224979098644774912 42 1224979098644774915 2133 2 1224979098644774914 1224979098644774915 3 0 1523 3 1224979098644774912 1 1224979098644774914 4 0 1507 1 1224979098644774912 32 2 1224979098644774914 0 2176 3 1224979098644774915 1224979098644774912 1 2107 2 1224979098644774915 -20 2108 2 1224979098644774915 100 500 3 1224979098644774912 42 1224979098644774915 3 0 520 3 1224979098644774914 1224979098644774912 43 4 0 1507 1 1224979098644774912 2147483678 2 1224979098644774914 0 2176 3 1224979098644774915 1224979098644774912 2 2107 2 1224979098644774915 -20 2108 2 1224979098644774915 100 500 3 1224979098644774912 43 1224979098644774915 2133 2 1224979098644774914 1224979098644774915 3 0 1523 3 1224979098644774912 2 1224979098644774914 4 0 1507 1 1224979098644774912 32 2 1224979098644774914 0 2176 3 1224979098644774915 1224979098644774912 2 2107 2 1224979098644774915 -20 2108 2 1224979098644774915 100 500 3 1224979098644774912 43 1224979098644774915 3 0 520 3 1224979098644774914 1224979098644774912 44 4 0 1507 1 1224979098644774912 2147483678 2 1224979098644774914 0 2176 3 1224979098644774915 1224979098644774912 3 2107 2 1224979098644774915 -50 2108 2 1224979098644774915 100 500 3 1224979098644774912 44 1224979098644774915 2133 2 1224979098644774914 1224979098644774915 3 0 1523 3 1224979098644774912 3 1224979098644774914 4 0 1507 1 1224979098644774912 32 2 1224979098644774914 0 2176 3 1224979098644774915 1224979098644774912 3 2107 2 1224979098644774915 -50 2108 2 1224979098644774915 100 500 3 1224979098644774912 44 1224979098644774915 3 0 520 3 1224979098644774914 1224979098644774912 45 4 0 1507 1 1224979098644774912 2147483678 2 1224979098644774914 0 2176 3 1224979098644774915 1224979098644774912 5 2107 2 1224979098644774915 -20 2108 2 1224979098644774915 100 500 3 1224979098644774912 45 1224979098644774915 2133 2 1224979098644774914 1224979098644774915 3 0 1523 3 1224979098644774912 5 1224979098644774914 4 0 1507 1 1224979098644774912 32 2 1224979098644774914 0 2176 3 1224979098644774915 1224979098644774912 5 2107 2 1224979098644774915 -20 2108 2 1224979098644774915 100 500 3 1224979098644774912 45 1224979098644774915 3 0 5 0 31 2 1224979098644774913 6 5 0 31 2 1224979098644774913 8 520 3 1224979098644774914 1224979098644774912 41 4 0 1507 1 1224979098644774912 2147483678 2 1224979098644774914 0 2176 3 1224979098644774915 1224979098644774912 3 2107 2 1224979098644774915 30 2108 2 1224979098644774915 100 500 3 1224979098644774912 41 1224979098644774915 2133 2 1224979098644774914 1224979098644774915 3 0 1523 3 1224979098644774912 3 1224979098644774914 4 0 1507 1 1224979098644774912 32 2 1224979098644774914 0 2176 3 1224979098644774915 1224979098644774912 3 2107 2 1224979098644774915 30 2108 2 1224979098644774915 100 500 3 1224979098644774912 41 1224979098644774915 3 0 520 3 1224979098644774914 1224979098644774912 42 4 0 1507 1 1224979098644774912 2147483678 2 1224979098644774914 0 2176 3 1224979098644774915 1224979098644774912 5 2107 2 1224979098644774915 30 2108 2 1224979098644774915 100 500 3 1224979098644774912 42 1224979098644774915 2133 2 1224979098644774914 1224979098644774915 3 0 1523 3 1224979098644774912 5 1224979098644774914 4 0 1507 1 1224979098644774912 32 2 1224979098644774914 0 2176 3 1224979098644774915 1224979098644774912 5 2107 2 1224979098644774915 30 2108 2 1224979098644774915 100 500 3 1224979098644774912 42 1224979098644774915 3 0 5 0 31 2 1224979098644774913 9 520 3 1224979098644774914 1224979098644774912 41 4 0 1507 1 1224979098644774912 2147483678 2 1224979098644774914 0 2176 3 1224979098644774915 1224979098644774912 3 2107 2 1224979098644774915 30 2108 2 1224979098644774915 100 500 3 1224979098644774912 41 1224979098644774915 2133 2 1224979098644774914 1224979098644774915 3 0 1523 3 1224979098644774912 3 1224979098644774914 4 0 1507 1 1224979098644774912 32 2 1224979098644774914 0 2176 3 1224979098644774915 1224979098644774912 3 2107 2 1224979098644774915 30 2108 2 1224979098644774915 100 500 3 1224979098644774912 41 1224979098644774915 3 0 520 3 1224979098644774914 1224979098644774912 42 4 0 1507 1 1224979098644774912 2147483678 2 1224979098644774914 0 2176 3 1224979098644774915 1224979098644774912 5 2107 2 1224979098644774915 30 2108 2 1224979098644774915 100 500 3 1224979098644774912 42 1224979098644774915 2133 2 1224979098644774914 1224979098644774915 3 0 1523 3 1224979098644774912 5 1224979098644774914 4 0 1507 1 1224979098644774912 32 2 1224979098644774914 0 2176 3 1224979098644774915 1224979098644774912 5 2107 2 1224979098644774915 30 2108 2 1224979098644774915 100 500 3 1224979098644774912 42 1224979098644774915 3 0 5 0 31 2 1224979098644774913 10 520 3 1224979098644774914 1224979098644774912 41 4 0 1507 1 1224979098644774912 2147483678 2 1224979098644774914 0 2176 3 1224979098644774915 1224979098644774912 0 2107 2 1224979098644774915 -20 2108 2 1224979098644774915 100 500 3 1224979098644774912 41 1224979098644774915 2133 2 1224979098644774914 1224979098644774915 3 0 1523 3 1224979098644774912 0 1224979098644774914 4 0 1507 1 1224979098644774912 32 2 1224979098644774914 0 2176 3 1224979098644774915 1224979098644774912 0 2107 2 1224979098644774915 -20 2108 2 1224979098644774915 100 500 3 1224979098644774912 41 1224979098644774915 3 0 520 3 1224979098644774914 1224979098644774912 42 4 0 1507 1 1224979098644774912 2147483678 2 1224979098644774914 0 2176 3 1224979098644774915 1224979098644774912 1 2107 2 1224979098644774915 -20 2108 2 1224979098644774915 100 500 3 1224979098644774912 42 1224979098644774915 2133 2 1224979098644774914 1224979098644774915 3 0 1523 3 1224979098644774912 1 1224979098644774914 4 0 1507 1 1224979098644774912 32 2 1224979098644774914 0 2176 3 1224979098644774915 1224979098644774912 1 2107 2 1224979098644774915 -20 2108 2 1224979098644774915 100 500 3 1224979098644774912 42 1224979098644774915 3 0 520 3 1224979098644774914 1224979098644774912 43 4 0 1507 1 1224979098644774912 2147483678 2 1224979098644774914 0 2176 3 1224979098644774915 1224979098644774912 2 2107 2 1224979098644774915 -20 2108 2 1224979098644774915 100 500 3 1224979098644774912 43 1224979098644774915 2133 2 1224979098644774914 1224979098644774915 3 0 1523 3 1224979098644774912 2 1224979098644774914 4 0 1507 1 1224979098644774912 32 2 1224979098644774914 0 2176 3 1224979098644774915 1224979098644774912 2 2107 2 1224979098644774915 -20 2108 2 1224979098644774915 100 500 3 1224979098644774912 43 1224979098644774915 3 0 5 0 31 2 1224979098644774913 11 520 3 1224979098644774914 1224979098644774912 41 4 0 1507 1 1224979098644774912 2147483678 2 1224979098644774914 0 2176 3 1224979098644774915 1224979098644774912 3 2107 2 1224979098644774915 30 2108 2 1224979098644774915 100 500 3 1224979098644774912 41 1224979098644774915 2133 2 1224979098644774914 1224979098644774915 3 0 1523 3 1224979098644774912 3 1224979098644774914 4 0 1507 1 1224979098644774912 32 2 1224979098644774914 0 2176 3 1224979098644774915 1224979098644774912 3 2107 2 1224979098644774915 30 2108 2 1224979098644774915 100 500 3 1224979098644774912 41 1224979098644774915 3 0 520 3 1224979098644774914 1224979098644774912 42 4 0 1507 1 1224979098644774912 2147483678 2 1224979098644774914 0 2176 3 1224979098644774915 1224979098644774912 5 2107 2 1224979098644774915 30 2108 2 1224979098644774915 100 500 3 1224979098644774912 42 1224979098644774915 2133 2 1224979098644774914 1224979098644774915 3 0 1523 3 1224979098644774912 5 1224979098644774914 4 0 1507 1 1224979098644774912 32 2 1224979098644774914 0 2176 3 1224979098644774915 1224979098644774912 5 2107 2 1224979098644774915 30 2108 2 1224979098644774915 100 500 3 1224979098644774912 42 1224979098644774915 3 0 5 0 31 2 1224979098644774913 12 520 3 1224979098644774914 1224979098644774912 41 4 0 1507 1 1224979098644774912 2147483678 2 1224979098644774914 0 2176 3 1224979098644774915 1224979098644774912 3 2107 2 1224979098644774915 15 2108 2 1224979098644774915 100 500 3 1224979098644774912 41 1224979098644774915 2133 2 1224979098644774914 1224979098644774915 3 0 1523 3 1224979098644774912 3 1224979098644774914 4 0 1507 1 1224979098644774912 32 2 1224979098644774914 0 2176 3 1224979098644774915 1224979098644774912 3 2107 2 1224979098644774915 15 2108 2 1224979098644774915 100 500 3 1224979098644774912 41 1224979098644774915 3 0 520 3 1224979098644774914 1224979098644774912 42 4 0 1507 1 1224979098644774912 2147483678 2 1224979098644774914 0 2176 3 1224979098644774915 1224979098644774912 5 2107 2 1224979098644774915 15 2108 2 1224979098644774915 100 500 3 1224979098644774912 42 1224979098644774915 2133 2 1224979098644774914 1224979098644774915 3 0 1523 3 1224979098644774912 5 1224979098644774914 4 0 1507 1 1224979098644774912 32 2 1224979098644774914 0 2176 3 1224979098644774915 1224979098644774912 5 2107 2 1224979098644774915 15 2108 2 1224979098644774915 100 500 3 1224979098644774912 42 1224979098644774915 3 0 5 0 31 2 1224979098644774913 13 520 3 1224979098644774914 1224979098644774912 41 4 0 1507 1 1224979098644774912 2147483678 2 1224979098644774914 0 2176 3 1224979098644774915 1224979098644774912 3 2107 2 1224979098644774915 15 2108 2 1224979098644774915 100 500 3 1224979098644774912 41 1224979098644774915 2133 2 1224979098644774914 1224979098644774915 3 0 1523 3 1224979098644774912 3 1224979098644774914 4 0 1507 1 1224979098644774912 32 2 1224979098644774914 0 2176 3 1224979098644774915 1224979098644774912 3 2107 2 1224979098644774915 15 2108 2 1224979098644774915 100 500 3 1224979098644774912 41 1224979098644774915 3 0 520 3 1224979098644774914 1224979098644774912 42 4 0 1507 1 1224979098644774912 2147483678 2 1224979098644774914 0 2176 3 1224979098644774915 1224979098644774912 5 2107 2 1224979098644774915 15 2108 2 1224979098644774915 100 500 3 1224979098644774912 42 1224979098644774915 2133 2 1224979098644774914 1224979098644774915 3 0 1523 3 1224979098644774912 5 1224979098644774914 4 0 1507 1 1224979098644774912 32 2 1224979098644774914 0 2176 3 1224979098644774915 1224979098644774912 5 2107 2 1224979098644774915 15 2108 2 1224979098644774915 100 500 3 1224979098644774912 42 1224979098644774915 3 0 5 0 31 2 1224979098644774913 14 520 3 1224979098644774914 1224979098644774912 41 4 0 1507 1 1224979098644774912 2147483678 2 1224979098644774914 0 2176 3 1224979098644774915 1224979098644774912 3 2107 2 1224979098644774915 15 2108 2 1224979098644774915 100 500 3 1224979098644774912 41 1224979098644774915 2133 2 1224979098644774914 1224979098644774915 3 0 1523 3 1224979098644774912 3 1224979098644774914 4 0 1507 1 1224979098644774912 32 2 1224979098644774914 0 2176 3 1224979098644774915 1224979098644774912 3 2107 2 1224979098644774915 15 2108 2 1224979098644774915 100 500 3 1224979098644774912 41 1224979098644774915 3 0 520 3 1224979098644774914 1224979098644774912 42 4 0 1507 1 1224979098644774912 2147483678 2 1224979098644774914 0 2176 3 1224979098644774915 1224979098644774912 5 2107 2 1224979098644774915 15 2108 2 1224979098644774915 100 500 3 1224979098644774912 42 1224979098644774915 2133 2 1224979098644774914 1224979098644774915 3 0 1523 3 1224979098644774912 5 1224979098644774914 4 0 1507 1 1224979098644774912 32 2 1224979098644774914 0 2176 3 1224979098644774915 1224979098644774912 5 2107 2 1224979098644774915 15 2108 2 1224979098644774915 100 500 3 1224979098644774912 42 1224979098644774915 3 0 5 0 31 2 1224979098644774913 15 520 3 1224979098644774914 1224979098644774912 41 4 0 1507 1 1224979098644774912 2147483678 2 1224979098644774914 0 2176 3 1224979098644774915 1224979098644774912 3 2107 2 1224979098644774915 30 2108 2 1224979098644774915 100 500 3 1224979098644774912 41 1224979098644774915 2133 2 1224979098644774914 1224979098644774915 3 0 1523 3 1224979098644774912 3 1224979098644774914 4 0 1507 1 1224979098644774912 32 2 1224979098644774914 0 2176 3 1224979098644774915 1224979098644774912 3 2107 2 1224979098644774915 30 2108 2 1224979098644774915 100 500 3 1224979098644774912 41 1224979098644774915 3 0 520 3 1224979098644774914 1224979098644774912 42 4 0 1507 1 1224979098644774912 2147483678 2 1224979098644774914 0 2176 3 1224979098644774915 1224979098644774912 5 2107 2 1224979098644774915 30 2108 2 1224979098644774915 100 500 3 1224979098644774912 42 1224979098644774915 2133 2 1224979098644774914 1224979098644774915 3 0 1523 3 1224979098644774912 5 1224979098644774914 4 0 1507 1 1224979098644774912 32 2 1224979098644774914 0 2176 3 1224979098644774915 1224979098644774912 5 2107 2 1224979098644774915 30 2108 2 1224979098644774915 100 500 3 1224979098644774912 42 1224979098644774915 3 0 5 0 3 0 3 0 5 0 2133 2 144115188075856286 0 600 1 40 6 3 1224979098644774912 0 869 1506 2 1224979098644774913 1224979098644774912 4 0 31 2 1224979098644774913 0 2133 2 72057594037927936 1224979098644774913 520 3 1224979098644774914 1224979098644774912 41 2107 2 1224979098644774914 -1 1523 3 1224979098644774912 3 1224979098644774914 520 3 1224979098644774914 1224979098644774912 42 2107 2 1224979098644774914 -1 1523 3 1224979098644774912 5 1224979098644774914 5 0 31 2 1224979098644774913 1 2133 2 72057594037927936 1224979098644774913 520 3 1224979098644774914 1224979098644774912 41 2107 2 1224979098644774914 -1 1523 3 1224979098644774912 3 1224979098644774914 520 3 1224979098644774914 1224979098644774912 42 2107 2 1224979098644774914 -1 1523 3 1224979098644774912 5 1224979098644774914 5 0 31 2 1224979098644774913 2 2133 2 72057594037927936 1224979098644774913 520 3 1224979098644774914 1224979098644774912 41 2107 2 1224979098644774914 -1 1523 3 1224979098644774912 3 1224979098644774914 520 3 1224979098644774914 1224979098644774912 42 2107 2 1224979098644774914 -1 1523 3 1224979098644774912 5 1224979098644774914 5 0 31 2 1224979098644774913 3 2133 2 72057594037927936 1224979098644774913 520 3 1224979098644774914 1224979098644774912 41 2107 2 1224979098644774914 -1 1523 3 1224979098644774912 3 1224979098644774914 520 3 1224979098644774914 1224979098644774912 42 2107 2 1224979098644774914 -1 1523 3 1224979098644774912 5 1224979098644774914 5 0 31 2 1224979098644774913 4 2133 2 72057594037927936 1224979098644774913 520 3 1224979098644774914 1224979098644774912 41 2107 2 1224979098644774914 -1 1523 3 1224979098644774912 3 1224979098644774914 520 3 1224979098644774914 1224979098644774912 42 2107 2 1224979098644774914 -1 1523 3 1224979098644774912 5 1224979098644774914 5 0 31 2 1224979098644774913 5 2133 2 72057594037927936 1224979098644774913 1521 3 1224979098644774912 25 3 1521 3 1224979098644774912 13 1 1521 3 1224979098644774912 14 1 520 3 1224979098644774914 1224979098644774912 41 2107 2 1224979098644774914 -1 1523 3 1224979098644774912 0 1224979098644774914 520 3 1224979098644774914 1224979098644774912 42 2107 2 1224979098644774914 -1 1523 3 1224979098644774912 1 1224979098644774914 520 3 1224979098644774914 1224979098644774912 43 2107 2 1224979098644774914 -1 1523 3 1224979098644774912 2 1224979098644774914 520 3 1224979098644774914 1224979098644774912 44 2107 2 1224979098644774914 -1 1523 3 1224979098644774912 3 1224979098644774914 520 3 1224979098644774914 1224979098644774912 45 2107 2 1224979098644774914 -1 1523 3 1224979098644774912 5 1224979098644774914 5 0 31 2 1224979098644774913 7 2133 2 72057594037927936 1224979098644774913 1521 3 1224979098644774912 25 3 1521 3 1224979098644774912 13 1 1521 3 1224979098644774912 14 1 520 3 1224979098644774914 1224979098644774912 41 2107 2 1224979098644774914 -1 1523 3 1224979098644774912 0 1224979098644774914 520 3 1224979098644774914 1224979098644774912 42 2107 2 1224979098644774914 -1 1523 3 1224979098644774912 1 1224979098644774914 520 3 1224979098644774914 1224979098644774912 43 2107 2 1224979098644774914 -1 1523 3 1224979098644774912 2 1224979098644774914 520 3 1224979098644774914 1224979098644774912 44 2107 2 1224979098644774914 -1 1523 3 1224979098644774912 3 1224979098644774914 520 3 1224979098644774914 1224979098644774912 45 2107 2 1224979098644774914 -1 1523 3 1224979098644774912 5 1224979098644774914 5 0 31 2 1224979098644774913 6 2133 2 72057594037927936 1224979098644774913 5 0 31 2 1224979098644774913 8 2133 2 72057594037927936 1224979098644774913 520 3 1224979098644774914 1224979098644774912 41 2107 2 1224979098644774914 -1 1523 3 1224979098644774912 3 1224979098644774914 520 3 1224979098644774914 1224979098644774912 42 2107 2 1224979098644774914 -1 1523 3 1224979098644774912 5 1224979098644774914 5 0 31 2 1224979098644774913 9 2133 2 72057594037927936 1224979098644774913 520 3 1224979098644774914 1224979098644774912 41 2107 2 1224979098644774914 -1 1523 3 1224979098644774912 3 1224979098644774914 520 3 1224979098644774914 1224979098644774912 42 2107 2 1224979098644774914 -1 1523 3 1224979098644774912 5 1224979098644774914 5 0 31 2 1224979098644774913 10 2133 2 72057594037927936 1224979098644774913 520 3 1224979098644774914 1224979098644774912 41 2107 2 1224979098644774914 -1 1523 3 1224979098644774912 0 1224979098644774914 520 3 1224979098644774914 1224979098644774912 42 2107 2 1224979098644774914 -1 1523 3 1224979098644774912 1 1224979098644774914 520 3 1224979098644774914 1224979098644774912 43 2107 2 1224979098644774914 -1 1523 3 1224979098644774912 2 1224979098644774914 5 0 31 2 1224979098644774913 11 2133 2 72057594037927936 1224979098644774913 520 3 1224979098644774914 1224979098644774912 41 2107 2 1224979098644774914 -1 1523 3 1224979098644774912 3 1224979098644774914 520 3 1224979098644774914 1224979098644774912 42 2107 2 1224979098644774914 -1 1523 3 1224979098644774912 5 1224979098644774914 5 0 31 2 1224979098644774913 12 2133 2 72057594037927936 1224979098644774913 520 3 1224979098644774914 1224979098644774912 41 2107 2 1224979098644774914 -1 1523 3 1224979098644774912 3 1224979098644774914 520 3 1224979098644774914 1224979098644774912 42 2107 2 1224979098644774914 -1 1523 3 1224979098644774912 5 1224979098644774914 5 0 31 2 1224979098644774913 13 2133 2 72057594037927936 1224979098644774913 520 3 1224979098644774914 1224979098644774912 41 2107 2 1224979098644774914 -1 1523 3 1224979098644774912 3 1224979098644774914 520 3 1224979098644774914 1224979098644774912 42 2107 2 1224979098644774914 -1 1523 3 1224979098644774912 5 1224979098644774914 5 0 31 2 1224979098644774913 14 2133 2 72057594037927936 1224979098644774913 520 3 1224979098644774914 1224979098644774912 41 2107 2 1224979098644774914 -1 1523 3 1224979098644774912 3 1224979098644774914 520 3 1224979098644774914 1224979098644774912 42 2107 2 1224979098644774914 -1 1523 3 1224979098644774912 5 1224979098644774914 5 0 31 2 1224979098644774913 15 2133 2 72057594037927936 1224979098644774913 520 3 1224979098644774914 1224979098644774912 41 2107 2 1224979098644774914 -1 1523 3 1224979098644774912 3 1224979098644774914 520 3 1224979098644774914 1224979098644774912 42 2107 2 1224979098644774914 -1 1523 3 1224979098644774912 5 1224979098644774914 5 0 3 0 3 0 3 0 
-8  28 2071 1 1224979098644774912 31 2 144115188075856526 69 2133 2 144115188075856526 -1 4 0 31 2 1224979098644774912 0 2133 2 144115188075855976 0 1603 3 0 512 0 1625 2 1 0 1628 3 0 1 1 1626 2 0 0 1030 3 0 1 1 4 0 2147483680 2 144115188075856054 0 1103 1 0 1100 2 0 0 2133 2 144115188075856054 72057594037927936 1603 3 144115188075856054 2115072 1 2322 2 1 0 1669 2 144115188075856054 1585267068834415499 1676 2 144115188075856054 137 501 3 144115188075856054 0 16 3 0 1231 1 144115188075856054 1626 2 144115188075856054 0 1676 2 144115188075856054 138 2133 2 144115188075856054 -1 2060 1 149 3 0 
12  233 2133 2 1224979098644774912 0 6 3 1224979098644774913 3 21 542 3 1224979098644774913 21 0 2105 2 1224979098644774912 1 522 3 1224979098644774914 1224979098644774913 154 2204 2 1224979098644774915 1224979098644774914 3221225503 2 1224979098644774913 1224979098644774915 3221226013 3 1224979098644774914 260 0 2147484210 3 1224979098644774913 150 1 2133 2 1224979098644774916 0 4 0 31 2 1224979098644774913 22 4 0 502 3 1224979098644774913 21 2 2133 2 1224979098644774916 1 3 0 5 0 502 3 1224979098644774913 21 1 4 0 542 3 144115188075855993 158 0 542 3 1224979098644774913 158 0 2133 2 144115188075855984 1224979098644774913 2117 3 1224979098644774917 144115188075856288 2 31 2 1224979098644774917 0 1 2 398 2 3 0 4 0 2147484190 3 144115188075855993 158 0 2147484190 3 1224979098644774913 158 0 2133 2 144115188075855984 1224979098644774913 2117 3 1224979098644774917 144115188075856288 4 31 2 1224979098644774917 0 1 2 398 3 3 0 2133 2 1224979098644774918 0 2133 2 1224979098644774919 6 522 3 1224979098644774920 1224979098644774913 160 522 3 1224979098644774921 1224979098644774913 159 6 3 1224979098644774922 3 21 542 3 1224979098644774922 21 0 542 3 1224979098644774922 159 1224979098644774921 2190 3 1224979098644774923 1224979098644774922 1224979098644774913 2147483678 2 1224979098644774923 0 522 3 1224979098644774924 1224979098644774922 150 32 2 1224979098644774924 1224979098644774918 2133 2 1224979098644774918 1224979098644774924 2133 2 1224979098644774919 1224979098644774922 3 0 4 0 31 2 1224979098644774918 0 6 3 1224979098644774922 3 21 542 3 1224979098644774922 21 0 1073742366 3 1224979098644774922 160 1224979098644774921 542 3 1224979098644774922 160 1224979098644774920 2190 3 1224979098644774923 1224979098644774922 1224979098644774913 2147483678 2 1224979098644774923 0 522 3 1224979098644774924 1224979098644774922 150 32 2 1224979098644774924 1224979098644774918 2133 2 1224979098644774918 1224979098644774924 2133 2 1224979098644774919 1224979098644774922 3 0 3 0 11 1 1224979098644774925 132 1 1224979098644774925 2204 2 1224979098644774926 1224979098644774925 31 2 1224979098644774926 1224979098644774913 1695 2 1224979098644774927 1224979098644774925 7 3 1224979098644774928 0 1224979098644774927 1696 3 1224979098644774929 1224979098644774925 1224979098644774928 32 2 1224979098644774929 0 132 1 1224979098644774929 1661 1 1224979098644774929 3 0 4 0 2147483681 3 1224979098644774925 18 96 1232 1 1224979098644774925 5 0 521 3 1224979098644774930 1224979098644774925 66 4 0 32 2 1224979098644774930 0 132 1 1224979098644774930 1661 1 1224979098644774930 1232 1 1224979098644774930 3 0 4 0 561 3 1224979098644774925 258 1 1 2 437 1224979098644774925 5 0 1617 1 1224979098644774925 521 3 1224979098644774931 1224979098644774925 54 4 0 32 2 1224979098644774931 0 132 1 1224979098644774931 2204 2 1224979098644774932 1224979098644774931 561 3 1224979098644774925 54 1 1 3 142 1224979098644774925 1224979098644774932 1 3 157 1224979098644774925 0 5 0 2133 2 1224979098644774933 1224979098644774919 2133 2 1224979098644774934 0 6 3 1224979098644774922 3 21 542 3 1224979098644774922 21 0 1073742366 3 1224979098644774922 160 1224979098644774921 542 3 1224979098644774922 160 1224979098644774920 2190 3 1224979098644774923 1224979098644774922 1224979098644774913 2147483678 2 1224979098644774923 0 522 3 1224979098644774924 1224979098644774922 150 522 3 1224979098644774935 1224979098644774922 154 1 3 438 1224979098644774925 1224979098644774935 2133 2 1224979098644774936 72057594037927936 2110 2 1224979098644774924 7000 2107 2 1224979098644774924 1000 2123 3 1224979098644774937 1224979098644774924 1224979098644774936 32 2 1224979098644774937 1224979098644774934 2133 2 1224979098644774934 1224979098644774937 2133 2 1224979098644774933 1224979098644774922 3 0 1 3 142 1224979098644774925 1224979098644774933 3 0 6 3 1224979098644774938 0 5 1 2 148 1224979098644774925 3 0 3 0 3 0 3 0 6 3 1224979098644774939 529 614 2173 2 1224979098644774940 1224979098644774939 31 2 1224979098644774940 1224979098644774913 500 3 1224979098644774939 2 0 3 0 4 0 542 3 1224979098644774913 158 0 2133 2 1224979098644774941 0 6 3 1224979098644774942 3 21 542 3 1224979098644774942 158 0 542 3 1224979098644774942 21 0 2105 2 1224979098644774941 1 3 0 4 0 31 2 1224979098644774941 0 4 0 2147484190 3 144115188075855993 158 0 2117 3 1224979098644774917 144115188075856288 32 31 2 1224979098644774917 0 1 2 398 6 3 0 6 3 1224979098644774943 3 21 542 3 1224979098644774943 158 1 6 3 1224979098644774944 3 21 542 3 1224979098644774944 158 2 1270 3 1224979098644774943 1224979098644774944 -50 3 0 3 0 6 3 1224979098644774945 3 21 2147483679 2 1224979098644774945 22 2190 3 1224979098644774946 144115188075855993 1224979098644774945 1 3 165 1224979098644774945 1224979098644774946 522 3 1224979098644774921 1224979098644774945 159 502 3 1224979098644774945 160 1224979098644774921 4 0 522 3 1224979098644774947 1224979098644774945 161 132 1 1224979098644774947 1 2 437 1224979098644774947 3 0 3 0 2133 2 144115188075855883 2 1120 2 1585267068834415556 1585267068834415557 600 1 204 3 0 3 0 2335 2 2 1224979098644774913 1105 1 1585267068834415558 1 1 433 2133 2 144115188075855925 1 2133 2 1224979098644774916 1 1 4 170 139 1224979098644774913 0 4 0 31 2 144115188075855993 1224979098644774913 522 3 1224979098644774948 144115188075855993 158 2133 2 1224979098644774949 1 6 3 1224979098644774950 3 21 542 3 1224979098644774950 21 0 542 3 1224979098644774950 158 1224979098644774948 2133 2 1224979098644774949 0 3 0 4 0 31 2 1224979098644774949 1 1 4 170 137 1224979098644774948 0 5 0 1 4 170 138 1224979098644774948 0 3 0 3 0 3 0 4 0 31 2 1224979098644774916 1 2106 2 1224979098644774912 1 1 1 311 3 0 6 3 1224979098644774951 3 21 1 2 262 1224979098644774951 3 0 3 0 2133 2 1224979098644774949 1 2133 2 1224979098644774952 -1 6 3 1224979098644774913 3 21 542 3 1224979098644774913 21 0 522 3 1224979098644774953 1224979098644774913 158 4 0 31 2 1224979098644774952 -1 2133 2 1224979098644774952 1224979098644774953 5 0 2147483679 2 1224979098644774952 1224979098644774953 2133 2 1224979098644774949 0 3 0 3 0 4 0 31 2 1224979098644774949 1 1 4 170 136 1224979098644774952 0 4 0 542 3 144115188075855993 158 0 31 2 1224979098644774952 0 2117 3 1224979098644774917 144115188075856288 8 31 2 1224979098644774917 0 1 2 398 4 3 0 4 0 2147484190 3 144115188075855993 158 0 2147483679 2 1224979098644774952 0 2117 3 1224979098644774917 144115188075856288 64 31 2 1224979098644774917 0 1 2 398 7 3 0 3 0 
5  129 6 3 1224979098644774912 3 21 522 3 1224979098644774913 1224979098644774912 150 522 3 1224979098644774914 1224979098644774912 153 502 3 1224979098644774912 150 1224979098644774914 2108 2 1224979098644774913 1000 2108 2 1224979098644774914 1000 4 0 2147483679 2 1224979098644774913 1224979098644774914 2190 3 1224979098644774915 144115188075855993 1224979098644774912 4 0 2121 3 1224979098644774916 1224979098644774914 1224979098644774913 2107 2 1224979098644774916 1224979098644774915 30 2 1224979098644774916 0 2133 2 1224979098644774917 5308240 5 0 2133 2 1224979098644774917 16732240 3 0 2335 2 22 1224979098644774912 1 2 429 1224979098644774912 4 0 2147483678 2 1224979098644774913 1224979098644774914 1106 2 1585267068834415559 1224979098644774917 5 0 1106 2 1585267068834415560 1224979098644774917 3 0 3 0 4 0 31 2 1224979098644774912 6 542 3 1224979098644774912 180 0 2147484210 3 1224979098644774912 150 1700 2133 2 1224979098644774918 1 31 2 1224979098644774918 1 1103 1 8 1100 2 38 246 2133 2 1224979098644774919 72057594037927936 501 3 1224979098644774919 0 15 501 3 1224979098644774919 1 200 501 3 1224979098644774919 123 38 501 3 1224979098644774919 5 38 501 3 1224979098644774919 4 -1 1640 2 1224979098644774919 2 1643 2 1224979098644774919 10 1100 2 38 243 2133 2 1224979098644774919 72057594037927936 501 3 1224979098644774919 0 15 501 3 1224979098644774919 1 200 501 3 1224979098644774919 123 38 501 3 1224979098644774919 5 38 501 3 1224979098644774919 4 -1 1640 2 1224979098644774919 2 1643 2 1224979098644774919 10 1100 2 38 244 2133 2 1224979098644774919 72057594037927936 501 3 1224979098644774919 0 15 501 3 1224979098644774919 1 200 501 3 1224979098644774919 123 38 501 3 1224979098644774919 5 38 501 3 1224979098644774919 4 -1 1640 2 1224979098644774919 2 1643 2 1224979098644774919 10 1100 2 38 245 2133 2 1224979098644774919 72057594037927936 501 3 1224979098644774919 0 15 501 3 1224979098644774919 1 200 501 3 1224979098644774919 123 38 501 3 1224979098644774919 5 38 501 3 1224979098644774919 4 -1 1640 2 1224979098644774919 2 1643 2 1224979098644774919 10 502 3 6 180 1 4 0 2190 3 1224979098644774915 144115188075855993 1224979098644774912 32 2 1224979098644774915 0 2133 2 1224979098644774917 16732240 5 0 2133 2 1224979098644774917 5308240 3 0 1106 2 1585267068834415561 1224979098644774917 3 0 4 0 1073741855 2 1224979098644774912 7 31 2 1224979098644774912 10 2147484210 3 1224979098644774912 150 1700 542 3 1224979098644774912 180 0 522 3 1224979098644774920 1224979098644774912 154 1103 1 1 1100 2 1224979098644774920 0 2133 2 1224979098644774919 72057594037927936 502 3 1224979098644774912 180 1224979098644774919 2335 2 6 1224979098644774912 4 0 542 3 1224979098644774912 158 0 1669 2 1224979098644774919 1585267068834415562 5 0 1669 2 1224979098644774919 1585267068834415563 3 0 4 0 31 2 1224979098644774912 7 1676 2 1224979098644774919 82 5 0 31 2 1224979098644774912 10 1676 2 1224979098644774919 85 3 0 501 3 1224979098644774919 0 15 501 3 1224979098644774919 1 1850 501 3 1224979098644774919 123 1224979098644774920 1620 2 1224979098644774919 1224979098644774912 501 3 1224979098644774919 5 1224979098644774920 501 3 1224979098644774919 4 -1 1640 2 1224979098644774919 2 1643 2 1224979098644774919 3 2136 3 1224979098644774921 50 60 6 3 1224979098644774922 0 1224979098644774921 1 2 148 1224979098644774919 3 0 6 3 1224979098644774922 0 40 1673 3 1224979098644774919 6000 0 3 0 4 0 2190 3 1224979098644774915 144115188075855993 1224979098644774912 32 2 1224979098644774915 0 2133 2 1224979098644774917 5308240 5 0 2133 2 1224979098644774917 16732240 3 0 2330 2 7 1224979098644774920 1105 2 1585267068834415564 1224979098644774917 3 0 3 0 
3  17 11 1 1224979098644774912 4 0 132 1 1224979098644774912 1609 2 1224979098644774913 1224979098644774912 33 3 1224979098644774913 241 243 131 1 1224979098644774912 1232 1 1224979098644774912 3 0 132 1 1224979098644774912 541 3 1224979098644774912 0 12 131 1 1224979098644774912 1665 2 1224979098644774914 1224979098644774912 2133 2 144115188075855907 1 1661 1 1224979098644774912 1 3 93 1224979098644774914 1224979098644774912 1232 1 1224979098644774912 3 0 
6  39 2270 1 1224979098644774912 6 3 1224979098644774913 3 21 542 3 1224979098644774913 21 0 522 3 1224979098644774914 1224979098644774913 160 2147484190 3 1224979098644774913 159 1224979098644774914 522 3 1224979098644774915 1224979098644774913 161 2147483780 1 1224979098644774915 522 3 1224979098644774916 1224979098644774913 162 2105 2 1224979098644774916 72 30 2 1224979098644774912 1224979098644774916 2136 3 1224979098644774917 0 100 2147483678 2 1224979098644774917 30 501 3 1224979098644774915 259 1224979098644774914 1 2 441 1224979098644774913 1626 2 1224979098644774915 1 1231 1 1224979098644774915 1 2 435 1224979098644774914 2335 2 2 1224979098644774913 4 0 2190 3 1224979098644774918 144115188075855993 1224979098644774913 32 2 1224979098644774918 0 2133 2 1224979098644774919 5308240 5 0 2133 2 1224979098644774919 16732240 3 0 1105 2 1585267068834415565 1224979098644774919 1 2 266 1224979098644774915 2133 2 1224979098644774920 20 521 3 1224979098644774921 1224979098644774915 257 6 3 1224979098644774922 0 1224979098644774920 4 0 1601 2 1224979098644774923 1224979098644774915 2147483680 2 1224979098644774921 1224979098644774923 2133 2 1224979098644774920 0 5 0 1 2 148 1224979098644774915 3 0 3 0 3 0 
1  1 1 1 281 
6  14 6 3 1224979098644774912 18 96 132 1 1224979098644774912 2147484189 3 1224979098644774912 260 0 2147484189 3 1224979098644774912 38 0 521 3 1224979098644774913 1224979098644774912 38 4 0 2147483678 2 1224979098644774913 1 1679 1 1224979098644774912 501 3 1224979098644774912 38 0 5 0 2106 2 1224979098644774913 6 501 3 1224979098644774912 38 1224979098644774913 3 0 3 0 
1  11 4 0 31 2 144115188075855990 1 6 3 1224979098644774912 512 529 2136 3 72057594037927948 0 70 31 2 72057594037927948 0 1 2 359 1224979098644774912 3 0 2136 3 72057594037927948 0 35 31 2 72057594037927948 0 1 2 359 0 3 0 
1  52 4 0 2147484190 3 144115188075855993 158 0 2117 3 1224979098644774912 144115188075856288 16 31 2 1224979098644774912 0 2171 2 1224979098644774913 0 30 2 1224979098644774913 4 1 2 398 5 3 0 6 3 1224979098644774914 0 2 4 0 31 2 1224979098644774914 0 2133 2 1224979098644774915 859 2133 2 1224979098644774916 0 2133 2 1224979098644774917 144115188075855985 5 0 2133 2 1224979098644774915 860 2133 2 1224979098644774916 1 2133 2 1224979098644774917 144115188075856289 3 0 520 3 1224979098644774918 1224979098644774915 10 4 0 31 2 1224979098644774917 0 132 1 1224979098644774918 4 0 131 1 1224979098644774918 2136 3 1224979098644774919 0 100 31 2 1224979098644774919 0 1665 2 1224979098644774920 1224979098644774918 2133 2 1224979098644774921 9999999 2133 2 1224979098644774922 -1 6 3 1224979098644774923 18 96 132 1 1224979098644774923 541 3 1224979098644774923 260 0 2147483679 2 1224979098644774923 1224979098644774920 2204 2 1224979098644774924 1224979098644774923 542 3 1224979098644774924 158 1224979098644774916 1 3 438 0 1224979098644774923 2133 2 1224979098644774925 72057594037927936 2147483678 2 1224979098644774925 1224979098644774921 2136 3 1224979098644774926 0 100 1073741855 2 1224979098644774922 -1 30 2 1224979098644774926 50 2133 2 1224979098644774921 1224979098644774925 2133 2 1224979098644774922 1224979098644774923 3 0 2147483679 2 1224979098644774922 -1 1640 2 1224979098644774918 1 1641 2 1224979098644774918 1224979098644774922 1603 3 1224979098644774918 65536 0 3 0 3 0 3 0 
24  27 31 2 144115188075855883 1 31 2 144115188075856563 0 522 3 1224979098644774912 6 150 30 2 1224979098644774912 3500 4 0 132 1 18 1 3 504 553 18 1 3 504 554 18 1 3 504 555 18 1 3 504 556 18 1 3 504 557 18 1 3 504 558 18 1 3 504 559 18 1 3 504 560 18 1 3 504 613 18 1 3 504 529 18 3 0 4 0 31 2 144115188075856567 0 2060 1 147 2133 2 144115188075856567 1 3 0 4 0 31 2 144115188075855982 1 1106 1 1585267068834415566 3 0 2133 2 144115188075856563 1 
12  22 31 2 144115188075855883 1 31 2 144115188075856563 1 522 3 1224979098644774912 6 150 30 2 1224979098644774912 3500 4 0 520 3 1224979098644774913 555 10 132 1 1224979098644774913 1 3 510 553 555 1 3 510 554 555 1 3 510 556 555 1 3 510 557 555 1 3 510 558 555 1 3 510 559 555 1 3 510 560 555 1 3 510 613 555 1 3 510 529 555 3 0 4 0 31 2 144115188075855982 1 1106 1 1585267068834415567 3 0 2133 2 144115188075856563 0 
999  0 
999  0 
999  0 
999  0 
999  0 
999  0 
999  0 
999  0 
999  0 
999  0 
999  0 
999  0 
999  0 
999  0 
999  0 
999  0 
999  0 
999  0 
999  0 
999  0 
