1
5
1
2
1
1
1
5
6
5
1
126
10
2
2
2
2
1
2
827
78
381
63
30
40
2
1
4
16
4
2
2
116
9
5
7
60
8
4
3
1
5
2
2
5
1
3
7
64
1
28
17
17
2
4
3
8
201
16
17
1
11
11
11
1
5
3
1
25
4
1
5
0
30
3
1
2
2
2
114
1
1
2
1
1
2126
2097
2098
2097
4
1
4
5
4
4
37
74
29
225
1
1048
1048
2
12
3
395
8
14
23
1
142
33
5
6
42
409
10
5
28
6
5
531
1
4
10
2
537
13
5
7
78
22
1046
1046
4
1046
1
52
39
4
11
4
3
2
1
4
8
1
1
1
2
1
2
2
5
6
1
609
18
13
8
2
3
2
3
1
1
10
1
1
4
5
2
1
2
1
11
3
2
1
9
1
16
1
1
1
20
20
2
2
9
11
103
14
16
10
1
59
47
33
38
38
29
4
165
987
2
2
2
2
12
3
3
14
118
20
3
5
4
3
4
6
1
6
1
3
2
5
1
4
20
3
1
1
12
1
2
2
2
2
2
2
52
81
29
208
344
314
70
2
134
35
38
60
29
29
5
3
15
12
11
3
11
7
7
1
2
1
1
1
1
1
1
1
48
1
1
1
1
1
1
1
66
3
1
1
2
1
1
1
1
1
1
1
10
1
12
2
4
3
3
18
48
16
9
1
17
14
20
16
16
14
14
14
13
12
13
10
2
2
2
1
2
2
2
2
2
78
1
2
4
4
49
28
14
14
5
5
5
6
6
5
5
5
15
9
4
6
4
4
10
6
4
6
2
2
5
5
4
4
2
2
5
5
4
5
2
2
12
2
6
6
6
4
4
4
4
4
4
4
4
4
2
2
2
2
2
2
2
2
2
5
6
5
5
4
4
4
6
6
6
6
6
6
5
1
1
1
37
397
2
1
1
11
84
2
14
5
5
5
5
1
1
1
1
1
1
1
1
1
1
1
7
1
1
261
137
15
17
46
2
5
2
2
3
3
2
3
3
6
2
2
2
13
17
29
49
3
53
2
1
2
1
2
6
1
4
2
2
21
4
2
1
4
1
4
4
14
2
1
13
2
15
14
2
3
2
7
5
6
4
4
4
4
3
3
2
9
7
4
1
6
2
23
11
4
20
1
1
1
1
1
1
1
1
1
1
1
1
1
1
1
1
1
1
1
1
1
1
1
1
1
1
1
1
1
1
1
1
1
1
1
1
7
8
9
1
1
1
2
2
2
7
8
9
1
1
1
2
2
2
7
8
9
1
1
1
2
2
2
7
8
9
1
1
1
2
2
2
7
2
7
2
7
2
7
2
7
2
7
2
1
1
1
1
1
1
1
1
1
1
1
1
1
1
1
1
1
1
14
1
14
1
14
1
14
1
8
2
1
1
11
3
11
11
8
2
2
2
3
8
1
1
2
14
8
28
1
4
14
3
8
3
173
24
100
77
22
44
1
2
3
11
2
1
51
51
17
17
17
34
1
1
2
2
4
4
4
24
19
21
513
845
78
2
78
78
39
39
39
39
39
39
39
3
38
8
8
117
4
10
7
1
5
1
1
3
237
2
6
13
393
36
3
3
10
70
1
35
3
3
10
134
75
47
83
3
2
2
148
9
14
31
31
31
33
33
33
1
1
1
1
4
2
2
2
14
1
1
1
11
43
4
1
6
5
1
3
3
3
3
3
3
6
6
3
2
3
5
7
25
63
14
7
4
2
5
3
2
2
4
4
3
11
2
3
1
67
4
85
3
17
21
2
2
3
1
3
14
1
16
8
10
1
1
1
1
1
1
3
5
3
2
1
12
1
1
1
1
1
1
1
1
1
5
1
25
2
2
2
2
2
1
1
13
1
1
1
1
1
1
1
1
8
1
1
1
1
1
1
1
1
48
7
7
1
1
5
1
6
2
3
3
22
83
5
25
34
25
34
1
1
1
1
2
1
3
2
40
3
3
3
3
2
24
3
49
1
1
1
1
8
8
24
16
24
8
16
7
10
11
8
49
2
4
2
16
2
2
78
117
7
13
28
2
1
3
50
64
514
26
1
1
